0.228022	17	0.276368	4	0.338497	28	0.371616	40	0.475936	27	0.538272	39	0.759178	7	0.925563	21	1.02059	26	1.167839	49	1.206998	19	1.218676	31	1.220145	48	1.258322	36	1.39248	43	1.408892	46	1.443345	20	1.44561	23	1.461999	10	1.475463	11	1.652632	24	1.811531	35	1.993435	16	2.04433	44	2.126783	37	2.126783	9	2.126783	34	2.163754	5	2.174627	32	2.201157	30	2.267468	29	2.321728	25	2.500505	18	2.605965	33	2.606973	1	2.650858	14	2.674522	6	2.825922	2	2.851488	12	2.883642	45	2.938981	47	2.947112	15	2.960365	3	3.540006	42	3.718488	38	3.731157	22	3.776051	8	4.066877	13	4.354851	41	36.509669	106
0.399441	12	0.417709	45	0.478474	25	0.536165	34	0.536165	9	0.536165	37	0.849171	30	0.87103	2	0.926123	35	1.091455	3	1.1906	22	1.206035	29	1.228509	47	1.439134	49	1.481423	8	1.547504	38	1.575901	6	1.582764	11	1.658418	42	1.839464	41	1.85	7	1.904886	13	2.005391	26	2.067074	24	2.127559	39	2.201417	23	2.362845	40	2.487993	28	2.519039	43	2.59418	17	2.606973	0	2.77501	4	2.895062	27	3.147399	31	3.320057	20	3.350409	21	3.70748	19	3.78051	48	3.837841	46	3.842837	36	4.030533	10	4.158281	44	4.576655	5	4.595257	16	4.728474	32	4.942576	18	5.185307	33	5.25657	14	5.51456	15	35.421302	106
0.224162	3	0.360253	47	0.555958	12	0.566306	45	0.624768	30	0.70275	29	0.81839	6	0.845693	42	0.868448	37	0.868448	34	0.868448	9	0.87103	1	0.900034	38	0.952566	8	1.261061	13	1.290823	25	1.450665	11	1.560953	35	1.607415	41	1.675463	22	1.739069	24	1.751354	49	2.098179	7	2.453123	39	2.503576	40	2.514675	26	2.809382	28	2.825922	0	2.8327	23	2.882534	17	2.919622	4	3.120836	43	3.210088	27	3.631849	31	3.688792	21	3.831402	20	3.957451	36	4.016333	19	4.04583	48	4.1882	46	4.287618	10	4.64079	44	4.792027	16	4.947323	5	5.000458	32	5.300485	18	5.424293	33	5.427709	14	5.769224	15	36.191161	106
0.168686	47	0.224162	2	0.636626	42	0.710216	6	0.745961	29	0.755358	12	0.760514	45	0.76314	38	0.775128	30	0.861435	8	1.076887	37	1.076887	34	1.076887	9	1.091455	1	1.106605	13	1.514972	25	1.541396	11	1.573855	41	1.762894	24	1.774423	35	1.815283	22	1.921033	49	2.249235	7	2.612523	39	2.626294	40	2.703551	26	2.960365	0	2.963879	28	3.030032	17	3.036806	23	3.037479	4	3.319639	43	3.359715	27	3.809743	31	3.839584	21	4.013055	20	4.05939	36	4.159422	19	4.179871	48	4.338687	46	4.418652	10	4.81463	44	4.907722	16	5.098868	5	5.131537	32	5.448372	18	5.535204	14	5.546811	33	5.894083	15	36.364884	106
0.276368	0	0.419908	40	0.48809	17	0.61208	28	0.632699	27	0.788615	39	0.933445	7	0.998477	21	1.068059	36	1.175119	48	1.21047	19	1.293136	26	1.345748	49	1.398403	10	1.412644	31	1.439828	46	1.511963	11	1.592217	24	1.629407	20	1.660053	43	1.721728	23	1.87241	16	2.02422	35	2.106151	32	2.148471	44	2.171129	5	2.274701	37	2.274701	9	2.274701	34	2.297911	30	2.319948	29	2.487491	18	2.509665	33	2.51293	14	2.521647	25	2.690591	6	2.77501	1	2.858031	15	2.919622	2	2.99295	12	3.001201	47	3.025396	45	3.037479	3	3.593568	42	3.800128	38	3.872166	8	3.922418	22	4.139718	13	4.479989	41	36.783008	106
0.369379	18	0.595463	32	0.760349	46	0.765807	44	0.867976	10	0.962493	19	0.976991	33	1.000881	16	1.020374	48	1.151486	15	1.259291	21	1.34831	14	1.419923	20	1.504234	31	1.578529	36	1.73919	27	2.069406	17	2.13806	28	2.163754	0	2.171129	4	2.278362	43	2.496946	39	2.527436	40	2.58994	26	2.591015	23	2.850299	7	3.207398	49	3.639213	11	3.668881	35	3.762375	24	4.170792	37	4.170792	9	4.170792	34	4.189346	25	4.327423	30	4.426292	29	4.576655	1	4.83772	6	4.88621	12	4.916779	45	4.947323	2	5.089757	47	5.098868	3	5.562808	22	5.694136	42	5.846918	38	5.884463	8	6.203271	13	6.400795	41	36.315035	68
0.510033	29	0.556428	47	0.710216	3	0.81839	2	0.851598	30	0.980986	42	1.200894	11	1.210059	24	1.309689	37	1.309689	34	1.309689	9	1.322011	38	1.350144	12	1.366728	45	1.484498	8	1.575901	1	1.580766	13	1.838442	49	1.885981	25	1.963058	35	2.061314	7	2.234806	41	2.310946	40	2.440477	39	2.493843	22	2.672218	26	2.674522	0	2.690591	4	2.756865	28	2.792096	17	3.090396	23	3.120591	27	3.328552	43	3.594107	21	3.64013	36	3.687207	31	3.864185	48	3.877734	19	3.905939	20	4.083196	46	4.088649	10	4.520298	16	4.655478	44	4.793173	32	4.83772	5	5.11676	14	5.169103	18	5.175532	33	5.527847	15	36.983336	106
0.379168	39	0.41308	49	0.543861	40	0.715238	28	0.759178	0	0.76038	26	0.784857	17	0.892084	11	0.933445	4	1.103078	35	1.11197	27	1.269253	23	1.285644	24	1.368419	37	1.368419	9	1.368419	34	1.39605	43	1.477136	30	1.589628	25	1.591156	21	1.602846	29	1.6274	31	1.848573	20	1.85	1	1.92008	19	1.962138	48	1.99702	36	2.061314	6	2.090539	46	2.093692	12	2.098179	2	2.125752	45	2.208815	10	2.246728	47	2.249235	3	2.59836	44	2.752344	16	2.850299	5	2.852848	42	2.918239	32	2.989083	22	2.997111	38	3.041114	8	3.202334	18	3.352982	13	3.359236	33	3.409913	14	3.600842	41	3.697059	15	36.22137	106
0.219521	38	0.4481	13	0.64451	42	0.757821	41	0.861435	3	0.952566	2	0.957407	47	1.065815	45	1.088184	12	1.481423	1	1.484498	6	1.553915	22	1.576129	30	1.607049	29	1.734408	34	1.734408	9	1.734408	37	1.959664	25	2.366102	35	2.393713	11	2.619248	24	2.678271	49	3.041114	7	3.387521	39	3.397955	26	3.456082	40	3.658893	23	3.747343	28	3.776051	0	3.825929	17	3.872166	4	3.96623	43	4.151285	27	4.533322	31	4.628214	21	4.723743	20	4.907433	36	4.961152	19	4.995286	48	5.127183	46	5.23804	10	5.547044	44	5.744575	16	5.884463	5	5.950627	32	6.240624	18	6.376446	33	6.37938	14	6.72094	15	36.054541	106
0.0	37	0.0	9	0.462395	30	0.536165	1	0.603296	25	0.700454	35	0.725593	12	0.757529	45	0.839736	29	0.868448	2	0.972091	49	1.05204	11	1.076887	3	1.153832	47	1.309689	6	1.368419	7	1.55755	24	1.665372	26	1.682433	39	1.71183	42	1.72675	22	1.734408	8	1.7351	38	1.857393	40	1.964518	23	2.04591	28	2.102853	13	2.126783	0	2.139305	17	2.237933	41	2.255759	43	2.274701	4	2.454331	27	2.798919	31	2.923521	21	2.990202	20	3.269747	19	3.325712	48	3.341768	36	3.419254	46	3.573895	10	3.812754	44	4.1202	16	4.170792	5	4.280285	32	4.531795	18	4.726334	33	4.775688	14	5.062161	15	35.811696	106
0.250429	48	0.390655	19	0.489105	46	0.623485	16	0.712997	32	0.722758	36	0.746911	21	0.867976	5	1.122237	18	1.141825	27	1.154774	33	1.247956	44	1.281049	14	1.332002	31	1.386888	20	1.398403	4	1.437195	17	1.461999	0	1.488395	15	1.544072	28	1.795191	40	1.902977	39	2.067441	43	2.15489	26	2.208815	7	2.321813	23	2.603222	49	2.907631	11	2.962849	24	3.170735	35	3.573895	37	3.573895	9	3.573895	34	3.662862	30	3.696078	25	3.712788	29	4.030533	1	4.088649	6	4.287618	2	4.299388	12	4.331204	45	4.390886	47	4.418652	3	4.987337	42	5.104249	22	5.178549	38	5.23804	8	5.524399	13	5.80943	41	36.794645	106
0.561506	24	0.801843	49	0.80947	29	0.862523	30	0.892084	7	1.05204	37	1.05204	9	1.05204	34	1.116506	40	1.200894	6	1.265496	39	1.303448	35	1.450665	2	1.475463	0	1.49281	47	1.511963	4	1.541396	3	1.562751	28	1.566709	25	1.582764	1	1.59218	17	1.59336	26	1.659453	12	1.690988	45	1.919959	27	2.072209	23	2.081715	42	2.253748	43	2.303588	38	2.393259	21	2.393713	8	2.513448	31	2.518191	36	2.634501	13	2.676934	48	2.681184	19	2.736862	20	2.768067	22	2.883259	46	2.907631	10	3.051891	41	3.373104	16	3.46302	44	3.61753	32	3.639213	5	3.974164	18	3.995022	14	4.01853	33	4.368272	15	36.69905	106
0.032527	45	0.399441	1	0.555958	2	0.725593	34	0.725593	9	0.725593	37	0.755358	3	0.815544	30	0.876473	25	0.91153	47	1.088184	8	1.091554	29	1.148106	38	1.180004	22	1.274853	42	1.286269	35	1.350144	6	1.50647	13	1.515538	41	1.659453	11	1.696825	49	2.071064	24	2.093692	7	2.344237	26	2.405313	39	2.573952	40	2.576161	23	2.768802	28	2.851488	0	2.864235	17	2.888058	43	2.99295	4	3.177452	27	3.486879	31	3.644063	21	3.668147	20	3.992939	19	4.051073	48	4.057698	36	4.138027	46	4.299388	10	4.500908	44	4.844679	16	4.88621	5	5.005306	32	5.249029	18	5.451927	33	5.498774	14	5.787589	15	35.639709	106
0.367997	38	0.4481	8	0.602786	42	0.918894	41	1.106605	3	1.142451	47	1.261061	2	1.487179	45	1.50647	12	1.580766	6	1.826136	29	1.875944	30	1.904886	1	1.970787	22	2.102853	34	2.102853	9	2.102853	37	2.382855	25	2.634501	11	2.762811	35	2.778487	24	3.012386	49	3.352982	7	3.712298	39	3.730789	40	3.76607	26	4.05414	23	4.06653	28	4.066877	0	4.135308	17	4.139718	4	4.354451	43	4.46446	27	4.890523	31	4.944051	21	5.087615	20	5.149951	36	5.265772	19	5.28617	48	5.443359	46	5.524399	10	5.900816	44	6.007039	16	6.203271	5	6.23715	32	6.553965	18	6.628329	14	6.649357	33	6.997524	15	36.389396	106
0.428237	33	0.620551	15	0.668079	16	0.775938	32	1.198179	18	1.281049	10	1.34831	5	1.479213	36	1.523186	48	1.663653	19	1.666736	46	2.027396	21	2.099561	44	2.40437	27	2.51293	4	2.566769	31	2.571357	20	2.650858	0	2.673347	17	2.793225	28	2.932537	40	3.140964	39	3.329932	43	3.409913	7	3.432255	26	3.596865	23	3.817926	49	3.924327	24	3.995022	11	4.425372	35	4.775688	37	4.775688	9	4.775688	34	4.802214	29	4.808618	30	4.947826	25	5.11676	6	5.25657	1	5.427709	2	5.485889	47	5.498774	12	5.531078	45	5.535204	3	6.063045	42	6.298095	38	6.359739	22	6.37938	8	6.628329	13	6.992526	41	37.634078	68
0.353321	33	0.620551	14	0.787494	32	0.85759	18	1.015177	16	1.151486	5	1.488395	10	1.727264	46	1.736577	48	1.813104	19	1.90488	44	1.911619	36	2.179391	21	2.546119	20	2.596353	31	2.619869	27	2.858031	4	2.924176	17	2.947112	0	3.02658	28	3.267974	40	3.3783	43	3.387916	39	3.595172	26	3.675309	23	3.697059	7	4.091107	49	4.360835	24	4.368272	11	4.641631	35	5.062161	37	5.062161	9	5.062161	34	5.144869	30	5.167617	25	5.177288	29	5.51456	1	5.527847	6	5.769224	2	5.787589	12	5.819372	45	5.85915	47	5.894083	3	6.449621	42	6.568906	22	6.655948	38	6.72094	8	6.997524	13	7.297795	41	37.210788	68
0.461364	32	0.623485	10	0.662243	33	0.668079	14	0.858679	48	0.896768	36	1.000881	5	1.01294	19	1.015177	15	1.048881	18	1.056952	46	1.369216	21	1.649128	44	1.736312	27	1.87241	4	1.942779	31	1.974749	20	1.993435	0	2.007421	17	2.125917	28	2.289488	40	2.475443	39	2.689215	43	2.752344	7	2.765835	26	2.945265	23	3.15793	49	3.34704	24	3.373104	11	3.758215	35	4.1202	37	4.1202	9	4.1202	34	4.169953	30	4.182493	29	4.281204	25	4.520298	6	4.595257	1	4.792027	2	4.844679	12	4.865891	47	4.876871	45	4.907722	3	5.451198	42	5.670769	38	5.692816	22	5.744575	8	6.007039	13	6.34446	41	37.272987	106
0.141709	28	0.228022	0	0.331106	27	0.468208	39	0.48809	4	0.546948	40	0.784857	7	0.810822	21	0.858823	26	1.008322	31	1.135491	19	1.16741	49	1.171963	43	1.187802	48	1.235355	20	1.246097	23	1.309058	46	1.349582	36	1.437195	10	1.59218	11	1.753536	35	1.825295	24	1.881243	44	2.007421	16	2.069406	5	2.139305	37	2.139305	9	2.139305	34	2.141071	32	2.260328	30	2.274672	25	2.361707	29	2.418704	18	2.591744	33	2.59418	1	2.673347	14	2.792096	6	2.864235	12	2.882534	2	2.8959	45	2.924176	15	3.020743	47	3.030032	3	3.625652	42	3.68684	22	3.780861	38	3.825929	8	4.135308	13	4.376817	41	36.296637	106
0.369379	5	0.587593	32	0.779442	33	0.85759	15	1.048881	16	1.060954	44	1.113641	46	1.122237	10	1.198179	14	1.293507	19	1.315959	48	1.612413	21	1.779125	20	1.785651	36	1.871526	31	2.090398	27	2.418704	17	2.487491	4	2.493313	28	2.500505	0	2.642692	43	2.854195	39	2.858649	40	2.95747	23	2.958678	26	3.202334	7	3.565796	49	3.974164	11	4.036664	35	4.071751	24	4.531795	37	4.531795	9	4.531795	34	4.557689	25	4.678952	30	4.767469	29	4.942576	1	5.169103	6	5.249029	12	5.279746	45	5.300485	2	5.435262	47	5.448372	3	5.93217	22	6.038337	42	6.19935	38	6.240624	8	6.553965	13	6.76414	41	36.438225	68
0.212023	48	0.25314	46	0.36972	21	0.390655	10	0.815497	27	0.893086	36	0.947123	31	0.962493	5	1.01294	16	1.021515	20	1.025701	32	1.069275	44	1.135491	17	1.206998	0	1.21047	4	1.224139	28	1.293507	18	1.498536	33	1.566793	40	1.587632	39	1.663653	14	1.676843	43	1.789483	26	1.813104	15	1.92008	7	1.934078	23	2.29811	49	2.681184	11	2.802657	24	2.828575	35	3.269747	37	3.269747	9	3.269747	34	3.354549	25	3.392986	30	3.474125	29	3.70748	1	3.877734	6	3.992939	12	4.016333	2	4.024308	45	4.143282	47	4.159422	3	4.745653	42	4.756591	22	4.913471	38	4.961152	8	5.265772	13	5.507573	41	36.473288	106
0.22822	31	0.80911	21	0.842439	44	0.872105	43	0.917803	46	0.996727	27	1.021515	19	1.197044	23	1.206846	28	1.230191	48	1.235355	17	1.326079	26	1.386888	10	1.419923	5	1.443345	0	1.471591	39	1.629407	4	1.779125	18	1.780828	40	1.824238	32	1.848573	7	1.858496	36	1.974749	16	2.09948	49	2.302629	33	2.393979	35	2.546119	15	2.571357	14	2.736862	11	2.891196	25	2.990202	37	2.990202	9	2.990202	34	3.044225	24	3.244028	30	3.320057	1	3.431956	29	3.668147	12	3.69637	45	3.831402	2	3.905939	6	4.013055	3	4.03873	47	4.213376	22	4.640663	42	4.72116	38	4.723743	8	5.087615	13	5.159351	41	35.469426	106
0.36972	19	0.480051	27	0.499417	46	0.516504	48	0.669719	31	0.746911	10	0.80911	20	0.810822	17	0.880975	28	0.925563	0	0.998477	4	1.057674	36	1.151738	44	1.242687	39	1.259291	5	1.296676	40	1.336867	43	1.369216	16	1.392729	32	1.419869	26	1.577728	23	1.591156	7	1.612413	18	1.867855	33	1.954752	49	2.027396	14	2.179391	15	2.393259	11	2.464207	35	2.568849	24	2.923521	37	2.923521	9	2.923521	34	2.989963	25	3.068286	30	3.171409	29	3.350409	1	3.594107	6	3.644063	12	3.675142	45	3.688792	2	3.831547	47	3.839584	3	4.389515	22	4.436466	42	4.588118	38	4.628214	8	4.944051	13	5.159562	41	36.270166	106
1.155447	45	1.180004	12	1.1906	1	1.342921	41	1.412286	25	1.553915	8	1.675463	2	1.72675	34	1.72675	9	1.72675	37	1.746831	38	1.815283	3	1.934748	35	1.970787	13	1.973494	30	1.983942	47	2.090877	42	2.271392	29	2.493843	6	2.576758	49	2.768067	11	2.97966	26	2.989083	7	3.021985	23	3.220283	39	3.227668	24	3.35204	43	3.519965	40	3.566984	28	3.68684	17	3.731157	0	3.922418	4	3.962851	27	4.07559	31	4.213376	20	4.389515	21	4.756591	19	4.854267	48	4.855676	46	4.984351	36	5.052391	44	5.104249	10	5.562808	5	5.692816	16	5.78201	32	5.93217	18	6.252868	33	6.359739	14	6.568906	15	34.575815	106
0.330275	43	0.510991	26	1.039168	39	1.087234	31	1.11174	28	1.197044	20	1.246097	17	1.269253	7	1.282366	49	1.292967	35	1.322101	27	1.44561	0	1.573619	40	1.577728	21	1.721728	4	1.744724	25	1.934078	19	1.955568	46	1.964518	37	1.964518	9	1.964518	34	2.031383	44	2.072209	11	2.093694	48	2.201417	1	2.311245	30	2.321813	10	2.504503	36	2.540904	24	2.576161	12	2.58344	29	2.591015	5	2.60149	45	2.8327	2	2.910616	32	2.945265	16	2.95747	18	3.021985	22	3.036806	3	3.090396	6	3.095711	47	3.395965	33	3.596865	14	3.658893	8	3.673352	42	3.675309	15	3.686551	38	4.025597	41	4.05414	13	35.071927	106
0.561506	11	1.036325	29	1.210059	6	1.25741	30	1.284234	40	1.285644	7	1.319284	49	1.55755	37	1.55755	34	1.55755	9	1.592217	4	1.615499	39	1.652632	0	1.66491	47	1.739069	2	1.762894	3	1.825295	17	1.837532	28	1.864932	35	2.039751	26	2.067074	1	2.071064	12	2.100311	45	2.108474	25	2.127488	27	2.185622	42	2.455967	36	2.488699	38	2.540904	23	2.568849	21	2.619248	8	2.681557	43	2.755793	48	2.778487	13	2.802657	19	2.816147	31	2.962849	10	3.030095	46	3.044225	20	3.227668	22	3.333399	41	3.34704	16	3.650981	32	3.696749	44	3.762375	5	3.924327	14	4.007526	33	4.071751	18	4.360835	15	37.260552	106
0.478474	1	0.525993	35	0.603296	9	0.603296	37	0.603296	34	0.876473	12	0.895913	45	1.057367	30	1.182256	49	1.290823	2	1.412286	22	1.437779	29	1.514972	3	1.566709	11	1.589628	7	1.600185	26	1.632462	47	1.744724	23	1.807999	39	1.885981	6	1.959664	8	2.024058	38	2.068003	43	2.108474	24	2.112671	42	2.128892	40	2.155822	28	2.274672	17	2.280942	41	2.321728	0	2.382855	13	2.521647	4	2.554253	27	2.730055	31	2.891196	20	2.989963	21	3.354549	19	3.445799	48	3.465558	46	3.57782	36	3.696078	10	3.733017	44	4.189346	5	4.281204	16	4.380141	32	4.557689	18	4.847324	33	4.947826	14	5.167617	15	35.212046	106
0.510991	23	0.546474	39	0.662759	43	0.717144	28	0.76038	7	0.834379	49	0.858823	17	1.02059	0	1.040682	27	1.084187	35	1.085868	40	1.143239	31	1.293136	4	1.326079	20	1.419869	21	1.59336	11	1.600185	25	1.665372	37	1.665372	9	1.665372	34	1.789483	19	1.876247	46	1.90935	48	1.945189	30	2.005391	1	2.039751	24	2.15489	10	2.156745	44	2.175052	29	2.197015	36	2.344237	12	2.372885	45	2.514675	2	2.58994	5	2.672218	6	2.703551	3	2.741321	47	2.765835	16	2.810526	32	2.958678	18	2.97966	22	3.287635	33	3.336599	42	3.397955	8	3.398887	38	3.432255	14	3.595172	15	3.76607	13	3.843638	41	35.547872	106
0.331106	17	0.408678	28	0.475936	0	0.480051	21	0.632699	4	0.772139	39	0.781562	31	0.815497	19	0.843689	40	0.891583	48	0.978975	46	0.996727	20	1.040682	26	1.11197	7	1.141825	10	1.164903	43	1.183289	36	1.322101	23	1.482948	49	1.569327	44	1.736312	16	1.73919	5	1.833424	32	1.919959	11	2.028952	35	2.090398	18	2.127488	24	2.29426	33	2.40437	14	2.454331	37	2.454331	9	2.454331	34	2.554253	25	2.588896	30	2.619869	15	2.692713	29	2.895062	1	3.120591	6	3.177452	12	3.208832	45	3.210088	2	3.351586	47	3.359715	3	3.956623	42	3.962851	22	4.109071	38	4.151285	8	4.46446	13	4.6921	41	36.272184	106
0.141709	17	0.338497	0	0.36352	39	0.408678	27	0.587869	40	0.61208	4	0.715238	7	0.717144	26	0.880975	21	0.978691	31	1.055608	43	1.075027	49	1.11174	23	1.206846	20	1.224139	19	1.293704	48	1.379848	46	1.487993	36	1.544072	10	1.562751	11	1.632307	35	1.837532	24	1.900288	44	2.04591	37	2.04591	9	2.04591	34	2.125917	16	2.13806	5	2.155822	25	2.190661	30	2.240838	32	2.31255	29	2.487993	1	2.493313	18	2.698421	33	2.756865	6	2.768802	12	2.793225	14	2.800171	45	2.809382	2	2.961749	47	2.963879	3	3.02658	15	3.566984	22	3.567772	42	3.709151	38	3.747343	8	4.06653	13	4.283555	41	36.171483	106
0.380563	30	0.510033	6	0.683787	47	0.70275	2	0.745961	3	0.80947	11	0.839736	37	0.839736	34	0.839736	9	1.036325	24	1.091554	12	1.116994	45	1.206035	1	1.274563	42	1.344861	49	1.437779	25	1.461508	35	1.501485	38	1.602846	7	1.607049	8	1.826136	13	1.918057	40	1.979908	39	2.175052	26	2.267468	0	2.271392	22	2.302214	41	2.31255	28	2.319948	4	2.361707	17	2.58344	23	2.692713	27	2.827374	43	3.171409	21	3.217087	31	3.324041	36	3.431956	20	3.474125	19	3.47926	48	3.667026	46	3.712788	10	4.182493	16	4.200507	44	4.423935	32	4.426292	5	4.767469	18	4.802214	14	4.827798	33	5.177288	15	36.618982	106
0.380563	29	0.462395	37	0.462395	34	0.462395	9	0.624768	2	0.775128	3	0.796436	47	0.815544	12	0.845557	45	0.849171	1	0.851598	6	0.862523	11	1.057367	25	1.118655	35	1.147471	49	1.25741	24	1.39666	42	1.477136	7	1.520613	38	1.576129	8	1.837792	39	1.875944	13	1.880661	40	1.945189	26	1.973494	22	2.190661	28	2.198245	41	2.201157	0	2.260328	17	2.297911	4	2.311245	23	2.577725	43	2.588896	27	3.038234	31	3.068286	21	3.244028	20	3.342384	36	3.392986	19	3.421098	48	3.567652	46	3.662862	10	4.040841	44	4.169953	16	4.327423	5	4.375692	32	4.678952	18	4.800338	33	4.808618	14	5.144869	15	36.244584	106
0.22822	20	0.669719	21	0.781562	27	0.781978	43	0.900496	46	0.947123	19	0.978691	28	1.008322	17	1.014457	44	1.087234	23	1.143239	26	1.144329	48	1.218676	0	1.249224	39	1.332002	10	1.412644	4	1.504234	5	1.553162	40	1.6274	7	1.726753	36	1.845749	32	1.871526	18	1.891385	49	1.942779	16	2.22323	35	2.330332	33	2.513448	11	2.566769	14	2.596353	15	2.730055	25	2.798919	37	2.798919	9	2.798919	34	2.816147	24	3.038234	30	3.147399	1	3.217087	29	3.486879	12	3.515707	45	3.631849	2	3.687207	6	3.809743	3	3.831187	47	4.07559	22	4.434612	42	4.524986	38	4.533322	8	4.890523	13	4.986366	41	35.604116	106
0.461364	16	0.48549	33	0.587593	18	0.595463	5	0.712997	10	0.775938	14	0.787494	15	0.955068	46	0.956261	48	1.025701	19	1.260988	36	1.326841	44	1.392729	21	1.824238	20	1.833424	27	1.845749	31	2.106151	4	2.141071	17	2.174627	0	2.240838	28	2.507195	40	2.602921	39	2.623836	43	2.810526	26	2.910616	23	2.918239	7	3.308481	49	3.61753	11	3.650981	24	3.854153	35	4.280285	37	4.280285	9	4.280285	34	4.375692	30	4.380141	25	4.423935	29	4.728474	1	4.793173	6	5.000458	2	5.005306	12	5.036968	45	5.102891	47	5.131537	3	5.698336	42	5.78201	22	5.89154	38	5.950627	8	6.23715	13	6.517355	41	36.910496	68
0.353321	15	0.428237	14	0.48549	32	0.662243	16	0.779442	18	0.976991	5	1.154774	10	1.40488	48	1.440401	46	1.498536	19	1.558957	36	1.742071	44	1.867855	21	2.29426	27	2.302629	20	2.330332	31	2.509665	4	2.591744	17	2.605965	0	2.698421	28	2.921534	40	3.05775	39	3.1091	43	3.287635	26	3.359236	7	3.395965	23	3.756745	49	4.007526	24	4.01853	11	4.321511	35	4.726334	37	4.726334	9	4.726334	34	4.800338	30	4.827798	29	4.847324	25	5.175532	6	5.185307	1	5.424293	2	5.451927	12	5.483839	45	5.51014	47	5.546811	3	6.099418	42	6.252868	22	6.30911	38	6.376446	8	6.649357	13	6.959778	41	37.217334	68
0.0	37	0.0	9	0.462395	30	0.536165	1	0.603296	25	0.700454	35	0.725593	12	0.757529	45	0.839736	29	0.868448	2	0.972091	49	1.05204	11	1.076887	3	1.153832	47	1.309689	6	1.368419	7	1.55755	24	1.665372	26	1.682433	39	1.71183	42	1.72675	22	1.734408	8	1.7351	38	1.857393	40	1.964518	23	2.04591	28	2.102853	13	2.126783	0	2.139305	17	2.237933	41	2.255759	43	2.274701	4	2.454331	27	2.798919	31	2.923521	21	2.990202	20	3.269747	19	3.325712	48	3.341768	36	3.419254	46	3.573895	10	3.812754	44	4.1202	16	4.170792	5	4.280285	32	4.531795	18	4.726334	33	4.775688	14	5.062161	15	35.811696	106
0.525993	25	0.700454	9	0.700454	37	0.700454	34	0.717843	49	0.926123	1	1.084187	26	1.103078	7	1.118655	30	1.286269	12	1.289037	39	1.292967	23	1.303448	11	1.312631	45	1.461508	29	1.560953	2	1.601886	43	1.632307	28	1.646938	40	1.753536	17	1.774423	3	1.811531	0	1.854219	47	1.864932	24	1.934748	22	1.963058	6	2.02422	4	2.028952	27	2.22323	31	2.366102	8	2.393979	20	2.395693	38	2.406596	42	2.464207	21	2.762811	13	2.765389	41	2.828575	19	2.920535	48	2.941289	46	3.069803	36	3.170735	10	3.232733	44	3.668881	5	3.758215	16	3.854153	32	4.036664	18	4.321511	33	4.425372	14	4.641631	15	35.395631	106
0.692657	48	0.722758	10	0.893086	19	0.896768	16	1.057674	21	1.068059	4	1.117197	46	1.183289	27	1.258322	0	1.260988	32	1.349582	17	1.479213	14	1.484451	40	1.487993	28	1.558957	33	1.578529	5	1.726753	31	1.785651	18	1.789621	39	1.858496	20	1.911619	15	1.934014	44	1.99702	7	2.197015	26	2.323907	43	2.4101	49	2.455967	24	2.504503	23	2.518191	11	3.069803	35	3.324041	29	3.341768	37	3.341768	9	3.341768	34	3.342384	30	3.57782	25	3.64013	6	3.842837	1	3.957451	2	4.007515	47	4.057698	12	4.05939	3	4.09019	45	4.583844	42	4.821779	38	4.907433	8	4.984351	22	5.149951	13	5.535362	41	37.326662	106
0.0	37	0.0	9	0.462395	30	0.536165	1	0.603296	25	0.700454	35	0.725593	12	0.757529	45	0.839736	29	0.868448	2	0.972091	49	1.05204	11	1.076887	3	1.153832	47	1.309689	6	1.368419	7	1.55755	24	1.665372	26	1.682433	39	1.71183	42	1.72675	22	1.734408	8	1.7351	38	1.857393	40	1.964518	23	2.04591	28	2.102853	13	2.126783	0	2.139305	17	2.237933	41	2.255759	43	2.274701	4	2.454331	27	2.798919	31	2.923521	21	2.990202	20	3.269747	19	3.325712	48	3.341768	36	3.419254	46	3.573895	10	3.812754	44	4.1202	16	4.170792	5	4.280285	32	4.531795	18	4.726334	33	4.775688	14	5.062161	15	35.811696	106
0.219521	8	0.367997	13	0.42934	42	0.76314	3	0.826434	47	0.900034	2	0.955168	41	1.130608	45	1.148106	12	1.322011	6	1.501485	29	1.520613	30	1.547504	1	1.7351	34	1.7351	9	1.7351	37	1.746831	22	2.024058	25	2.303588	11	2.395693	35	2.488699	24	2.65039	49	2.997111	7	3.353157	39	3.387975	40	3.398887	26	3.686551	23	3.709151	28	3.718488	0	3.780861	17	3.800128	4	3.986484	43	4.109071	27	4.524986	31	4.588118	21	4.72116	20	4.821779	36	4.913471	19	4.938565	48	5.087534	46	5.178549	10	5.536047	44	5.670769	16	5.846918	5	5.89154	32	6.19935	18	6.298095	14	6.30911	33	6.655948	15	36.268586	106
0.36352	28	0.379168	7	0.468208	17	0.538272	0	0.539416	40	0.546474	26	0.712106	49	0.772139	27	0.788615	4	1.039168	23	1.094574	43	1.242687	21	1.249224	31	1.265496	11	1.289037	35	1.471591	20	1.587632	19	1.615499	24	1.652966	48	1.682433	37	1.682433	9	1.682433	34	1.740563	46	1.789621	36	1.807999	25	1.837792	30	1.902977	10	1.979908	29	2.127559	1	2.220601	44	2.405313	12	2.436699	45	2.440477	6	2.453123	2	2.475443	16	2.496946	5	2.602921	32	2.612523	3	2.616687	47	2.854195	18	3.05775	33	3.140964	14	3.220283	22	3.2229	42	3.353157	38	3.387521	8	3.387916	15	3.712298	13	3.920036	41	36.094344	106
0.371616	0	0.419908	4	0.539416	39	0.543861	7	0.546948	17	0.587869	28	0.843689	27	0.946814	49	1.085868	26	1.116506	11	1.284234	24	1.296676	21	1.484451	36	1.553162	31	1.561414	48	1.566793	19	1.573619	23	1.593691	43	1.646938	35	1.776176	46	1.780828	20	1.795191	10	1.857393	37	1.857393	9	1.857393	34	1.880661	30	1.918057	29	2.128892	25	2.289488	16	2.310946	6	2.362845	1	2.41297	44	2.503576	2	2.507195	32	2.527436	5	2.573952	12	2.595741	47	2.60642	45	2.626294	3	2.858649	18	2.921534	33	2.932537	14	3.192584	42	3.267974	15	3.387975	38	3.456082	8	3.519965	22	3.730789	13	4.060163	41	36.633734	106
0.757821	8	0.918894	13	0.955168	38	1.342921	22	1.380946	42	1.484587	45	1.515538	12	1.573855	3	1.607415	2	1.693238	47	1.839464	1	2.198245	30	2.234806	6	2.237933	34	2.237933	9	2.237933	37	2.280942	25	2.302214	29	2.765389	35	3.051891	11	3.209967	49	3.333399	24	3.600842	7	3.843638	26	3.920036	39	4.025597	23	4.060163	40	4.283555	28	4.348638	43	4.354851	0	4.376817	17	4.479989	4	4.6921	27	4.986366	31	5.159351	20	5.159562	21	5.507573	19	5.535362	36	5.562017	48	5.653504	46	5.80943	10	5.997724	44	6.34446	16	6.400795	5	6.517355	32	6.76414	18	6.959778	33	6.992526	14	7.297795	15	35.497374	106
0.42934	38	0.602786	13	0.606245	47	0.636626	3	0.64451	8	0.845693	2	0.980986	6	1.267538	45	1.274563	29	1.274853	12	1.380946	41	1.39666	30	1.658418	1	1.71183	34	1.71183	37	1.71183	9	2.081715	11	2.090877	22	2.112671	25	2.185622	24	2.406596	35	2.543336	49	2.852848	7	3.192584	40	3.2229	39	3.336599	26	3.540006	0	3.567772	28	3.593568	4	3.625652	17	3.673352	23	3.955913	43	3.956623	27	4.434612	31	4.436466	21	4.583844	36	4.640663	20	4.745653	19	4.753642	48	4.934011	46	4.987337	10	5.435074	44	5.451198	16	5.694136	5	5.698336	32	6.038337	18	6.063045	14	6.099418	33	6.449621	15	36.652248	106
0.330275	23	0.662759	26	0.781978	31	0.872105	20	1.055608	28	1.094574	39	1.164903	27	1.171963	17	1.336867	21	1.39248	0	1.39605	7	1.494294	49	1.593691	40	1.601886	35	1.660053	4	1.671889	46	1.676843	19	1.702325	44	1.851387	48	2.067441	10	2.068003	25	2.253748	11	2.255759	37	2.255759	9	2.255759	34	2.278362	5	2.323907	36	2.519039	1	2.577725	30	2.623836	32	2.642692	18	2.681557	24	2.689215	16	2.827374	29	2.888058	12	2.914168	45	3.1091	33	3.120836	2	3.319639	3	3.328552	6	3.329932	14	3.35204	22	3.369693	47	3.3783	15	3.955913	42	3.96623	8	3.986484	38	4.348638	41	4.354451	13	35.129023	106
0.765807	5	0.82299	46	0.842439	20	1.014457	31	1.060954	18	1.069275	19	1.151738	21	1.246569	48	1.247956	10	1.326841	32	1.569327	27	1.649128	16	1.702325	43	1.742071	33	1.881243	17	1.900288	28	1.90488	15	1.934014	36	2.031383	23	2.04433	0	2.099561	14	2.148471	4	2.156745	26	2.220601	39	2.41297	40	2.59836	7	2.893633	49	3.232733	35	3.46302	11	3.696749	24	3.733017	25	3.812754	37	3.812754	9	3.812754	34	4.040841	30	4.158281	1	4.200507	29	4.500908	12	4.529616	45	4.64079	2	4.655478	6	4.81463	3	4.829878	47	5.052391	22	5.435074	42	5.536047	38	5.547044	8	5.900816	13	5.997724	41	35.624416	106
0.032527	12	0.417709	1	0.566306	2	0.757529	9	0.757529	34	0.757529	37	0.760514	3	0.845557	30	0.895913	25	0.919013	47	1.065815	8	1.116994	29	1.130608	38	1.155447	22	1.267538	42	1.312631	35	1.366728	6	1.484587	41	1.487179	13	1.690988	11	1.728497	49	2.100311	24	2.125752	7	2.372885	26	2.436699	39	2.60149	23	2.60642	40	2.800171	28	2.883642	0	2.8959	17	2.914168	43	3.025396	4	3.208832	27	3.515707	31	3.675142	21	3.69637	20	4.024308	19	4.082836	48	4.09019	36	4.168918	46	4.331204	10	4.529616	44	4.876871	16	4.916779	5	5.036968	32	5.279746	18	5.483839	33	5.531078	14	5.819372	15	35.626323	106
0.25314	19	0.425358	48	0.489105	10	0.499417	21	0.760349	5	0.82299	44	0.900496	31	0.917803	20	0.955068	32	0.978975	27	1.056952	16	1.113641	18	1.117197	36	1.309058	17	1.379848	28	1.408892	0	1.439828	4	1.440401	33	1.666736	14	1.671889	43	1.727264	15	1.740563	39	1.776176	40	1.876247	26	1.955568	23	2.090539	7	2.452263	49	2.883259	11	2.941289	35	3.030095	24	3.419254	37	3.419254	9	3.419254	34	3.465558	25	3.567652	30	3.667026	29	3.837841	1	4.083196	6	4.138027	12	4.168918	45	4.1882	2	4.329493	47	4.338687	3	4.855676	22	4.934011	42	5.087534	38	5.127183	8	5.443359	13	5.653504	41	36.306484	106
0.168686	3	0.360253	2	0.556428	6	0.606245	42	0.683787	29	0.796436	30	0.826434	38	0.91153	12	0.919013	45	0.957407	8	1.142451	13	1.153832	37	1.153832	34	1.153832	9	1.228509	1	1.49281	11	1.632462	25	1.66491	24	1.693238	41	1.854219	35	1.93987	49	1.983942	22	2.246728	7	2.595741	40	2.616687	39	2.741321	26	2.938981	0	2.961749	28	3.001201	4	3.020743	17	3.095711	23	3.351586	27	3.369693	43	3.831187	31	3.831547	21	4.007515	36	4.03873	20	4.143282	19	4.155221	48	4.329493	46	4.390886	10	4.829878	44	4.865891	16	5.089757	5	5.102891	32	5.435262	18	5.485889	14	5.51014	33	5.85915	15	36.531756	106
0.212023	19	0.250429	10	0.425358	46	0.516504	21	0.692657	36	0.858679	16	0.891583	27	0.956261	32	1.020374	5	1.144329	31	1.175119	4	1.187802	17	1.220145	0	1.230191	20	1.246569	44	1.293704	28	1.315959	18	1.40488	33	1.523186	14	1.561414	40	1.652966	39	1.736577	15	1.851387	43	1.90935	26	1.962138	7	2.093694	23	2.35453	49	2.676934	11	2.755793	24	2.920535	35	3.325712	37	3.325712	9	3.325712	34	3.421098	30	3.445799	25	3.47926	29	3.78051	1	3.864185	6	4.04583	2	4.051073	12	4.082836	45	4.155221	47	4.179871	3	4.753642	42	4.854267	22	4.938565	38	4.995286	8	5.28617	13	5.562017	41	36.685297	106
0.41308	7	0.712106	39	0.717843	35	0.801843	11	0.834379	26	0.946814	40	0.972091	37	0.972091	9	0.972091	34	1.075027	28	1.147471	30	1.16741	17	1.167839	0	1.182256	25	1.282366	23	1.319284	24	1.344861	29	1.345748	4	1.439134	1	1.482948	27	1.494294	43	1.696825	12	1.728497	45	1.751354	2	1.838442	6	1.891385	31	1.921033	3	1.93987	47	1.954752	21	2.09948	20	2.29811	19	2.35453	48	2.4101	36	2.452263	46	2.543336	42	2.576758	22	2.603222	10	2.65039	38	2.678271	8	2.893633	44	3.012386	13	3.15793	16	3.207398	5	3.209967	41	3.308481	32	3.565796	18	3.756745	33	3.817926	14	4.091107	15	36.003054	106
0.466277	76	0.494896	52	0.548335	86	0.962416	65	1.030162	58	1.279616	75	1.290988	54	1.424333	77	1.758816	51	2.125078	74	2.159007	56	2.205028	72	2.369179	133	2.560744	123	2.644695	126	2.717828	63	2.785463	73	2.83961	91	2.870423	68	2.909576	87	2.942031	146	3.022509	127	3.078307	97	3.18651	138	3.265208	83	3.355339	78	3.389179	110	3.421526	119	3.421624	70	3.437752	85	3.570673	147	3.620637	149	3.627921	111	4.04853	101	4.05261	142	4.120732	134	4.209801	145	4.218492	137	4.249227	115	4.271981	116	4.300978	141	4.316214	66	4.37333	121	4.377133	113	4.42607	148	4.442412	103	4.498549	55	4.525382	84	4.541044	61	4.749001	114
0.497636	54	0.697594	56	0.702385	75	0.766304	58	0.77477	74	0.969626	63	0.987537	65	1.048076	73	1.080879	91	1.257075	86	1.470195	97	1.471671	76	1.611949	78	1.73431	85	1.758816	50	1.876903	126	1.917484	72	1.94144	52	1.954902	87	1.966922	68	1.99976	138	2.021459	127	2.06118	70	2.213749	123	2.27499	133	2.459123	77	2.68278	149	2.696286	66	2.701019	83	2.804716	146	2.840971	61	2.914654	55	3.027126	84	3.068168	119	3.253266	101	3.25612	142	3.367373	121	3.531012	113	3.559907	95	3.569366	96	3.788511	88	3.821341	71	3.927791	90	3.998805	114	4.028435	99	4.031887	94	4.089128	111	4.14542	134	4.174153	106	4.380133	110
0.471073	76	0.494896	50	0.702187	86	0.931006	77	1.314546	58	1.336731	65	1.444522	54	1.609748	75	1.908211	72	1.94144	51	2.011406	133	2.193584	56	2.246458	123	2.428889	126	2.440769	74	2.560371	146	2.843185	127	2.850504	63	2.900488	110	2.96093	83	2.989503	73	3.003395	91	3.052236	138	3.064733	119	3.076873	147	3.146018	111	3.295131	68	3.328038	87	3.333027	70	3.355634	97	3.394943	149	3.50876	85	3.55191	78	3.681585	134	3.72435	137	3.741876	145	3.764753	115	3.771522	101	3.77579	142	3.777754	116	3.849621	141	3.938472	148	3.952935	103	4.104206	113	4.142896	121	4.363838	128	4.44454	114	4.463608	139	4.466607	132	4.504109	112
0.336954	59	0.384534	89	0.494929	80	0.501061	69	0.558894	62	0.72116	81	0.927927	92	1.113031	79	1.118701	82	1.183667	94	1.230185	67	1.268145	64	1.280267	90	1.364575	99	1.416198	60	1.541925	93	1.596024	57	1.623035	88	1.664039	106	1.723142	98	1.772623	96	1.866636	95	2.148796	71	2.167117	84	2.310513	55	2.561842	66	2.681768	61	3.724916	97	3.830581	78	3.867377	87	3.931259	68	4.252315	73	4.38163	91	4.537871	85	4.572891	74	4.611235	63	5.192489	51	5.381519	56	5.404385	75	5.625627	70	5.659197	54	5.697869	58	5.703134	65	5.951335	138	6.244139	127	6.315561	86	6.452827	126	6.555154	76	6.637775	149	6.664145	50
0.422407	58	0.497636	51	0.581939	75	0.703253	65	0.768272	86	0.919329	56	0.975724	76	1.133499	74	1.290988	50	1.429575	63	1.444522	52	1.545438	73	1.56519	91	1.695357	72	1.824541	126	1.948854	97	1.990946	77	2.020291	133	2.031761	123	2.073458	127	2.107518	78	2.133704	138	2.151045	85	2.241225	68	2.245365	87	2.280355	70	2.588236	146	2.614072	83	2.732148	149	2.925188	119	3.184097	66	3.263206	101	3.266565	142	3.33837	61	3.396729	55	3.458291	121	3.492082	84	3.564908	113	3.75712	111	3.920178	134	3.950326	110	4.006532	114	4.03003	147	4.051976	95	4.057847	96	4.278486	88	4.318974	71	4.387818	90	4.507	94	4.515869	137
0.26661	66	0.378007	84	0.686358	61	0.688555	96	0.738083	95	0.917611	88	1.123521	90	1.129661	94	1.130345	99	1.285735	71	1.448015	97	1.533432	78	1.603855	67	1.703262	92	1.827643	82	1.830632	106	1.943663	73	1.949179	89	2.046057	87	2.072553	91	2.085196	59	2.127506	68	2.238638	69	2.303247	63	2.310513	53	2.325351	85	2.373472	74	2.487357	64	2.539993	62	2.62893	80	2.846981	81	2.882351	79	2.914654	51	3.07101	56	3.21905	75	3.396729	54	3.434195	70	3.489658	58	3.541912	65	3.687826	60	3.721832	138	3.753819	93	3.806144	57	3.897324	98	3.991553	127	4.095376	86	4.166067	126	4.33059	76	4.44627	149	4.498549	50
0.697594	51	0.78626	63	0.919329	54	1.006034	91	1.137406	73	1.263504	126	1.302186	138	1.317992	85	1.325956	58	1.340525	127	1.364244	75	1.366875	74	1.382403	70	1.481007	72	1.580078	78	1.593187	65	1.611694	86	1.706868	123	1.724612	97	1.765065	76	1.854344	133	1.996173	149	2.086385	83	2.159007	50	2.193584	52	2.310883	146	2.454306	77	2.491587	119	2.534296	87	2.559954	68	2.576397	101	2.57904	142	2.670831	121	2.822703	66	2.838262	61	2.844837	113	3.07101	55	3.259191	84	3.319219	114	3.6272	95	3.631804	134	3.667286	96	3.718802	111	3.77127	71	3.870286	88	4.125615	99	4.158496	90	4.199515	94	4.200369	110	4.205047	147
0.054108	93	0.166528	98	0.30543	60	0.959163	81	1.106286	79	1.18219	80	1.570003	69	1.596024	53	1.683703	64	1.766674	62	1.888444	89	1.918769	59	2.13756	82	2.145548	92	2.356584	67	2.691635	94	2.72111	99	2.861954	90	2.97889	88	3.179065	96	3.180959	106	3.225286	95	3.258777	71	3.720235	84	3.806144	55	4.03622	66	4.039211	61	5.250197	97	5.269628	78	5.463283	87	5.527282	68	5.739144	73	5.840298	91	5.87388	85	6.063061	63	6.134598	74	6.719657	51	6.846319	56	6.913308	70	6.973261	75	7.197633	54	7.260801	58	7.269409	138	7.278732	65	7.583682	127	7.838637	126	7.875608	86	7.904469	149	8.038891	121	8.11391	76
0.282382	65	0.314853	75	0.422407	54	0.619239	86	0.766304	51	0.859749	76	1.030162	50	1.126244	74	1.314546	52	1.325956	56	1.735308	63	1.760676	73	1.832717	91	2.030125	72	2.032181	77	2.056348	97	2.07303	68	2.091989	87	2.224393	126	2.326922	133	2.330521	78	2.380472	123	2.490902	127	2.496895	85	2.556104	138	2.698016	70	2.909385	146	2.995794	83	3.147044	149	3.281591	119	3.298304	66	3.489658	55	3.511376	61	3.540629	84	3.669197	101	3.672658	142	3.877098	121	3.97505	113	3.975302	111	4.04156	110	4.154829	147	4.167789	96	4.177827	95	4.223301	134	4.393343	88	4.410014	114	4.418328	90	4.498808	71	4.516352	106	4.571967	94
0.336954	53	0.379951	89	0.506132	62	0.731725	69	0.829035	80	0.956726	92	0.988334	94	1.002233	90	1.057848	81	1.20104	82	1.252695	67	1.259258	99	1.330181	106	1.424584	79	1.496921	64	1.499858	88	1.61425	96	1.721504	60	1.729534	95	1.864812	93	1.904376	84	1.918769	57	2.050926	98	2.085196	55	2.105355	71	2.34475	66	2.520338	61	3.46869	97	3.550866	87	3.61312	68	3.617236	78	4.013714	73	4.155691	91	4.291423	74	4.361907	85	4.387181	63	4.929972	51	5.116581	75	5.148448	56	5.389572	54	5.410096	65	5.413664	58	5.460407	70	5.773725	138	6.032416	86	6.057563	127	6.248359	126	6.272535	76	6.369324	50	6.475035	149
0.274149	93	0.30543	57	0.471101	98	0.875442	81	1.066534	80	1.165741	79	1.416198	53	1.480524	69	1.513472	62	1.721504	59	1.73593	64	1.744008	89	2.07517	92	2.106614	82	2.313694	67	2.56134	94	2.636048	99	2.696015	90	2.898222	88	2.940858	106	3.086719	96	3.147076	95	3.241574	71	3.574748	84	3.687826	55	3.927163	66	3.968602	61	5.122194	97	5.177899	78	5.271935	87	5.333564	68	5.629661	73	5.742496	91	5.818001	85	5.968342	63	5.985908	74	6.592209	51	6.747685	56	6.819411	75	6.874614	70	7.06425	54	7.111578	58	7.119173	65	7.222429	138	7.530617	127	7.728632	86	7.770743	126	7.873925	149	7.96791	76	8.036607	121
0.526413	66	0.686358	55	0.823543	95	0.910152	96	0.987642	71	1.064337	84	1.072697	88	1.263801	78	1.33632	99	1.489961	97	1.533545	94	1.668669	90	1.694478	67	1.79739	73	1.8431	91	1.858282	85	1.896028	92	1.923032	82	2.052538	63	2.298932	89	2.454236	87	2.461166	74	2.488096	69	2.490836	106	2.520338	59	2.527538	64	2.536904	68	2.681768	53	2.838262	56	2.840971	51	2.904949	80	2.944588	70	3.010834	62	3.015041	79	3.097023	81	3.270948	138	3.278883	75	3.33837	54	3.511376	58	3.56917	127	3.616082	65	3.802473	126	3.957929	149	3.968602	60	3.989877	93	4.039211	57	4.083879	86	4.106379	98	4.2329	121	4.247775	72
0.506132	59	0.558894	53	0.845629	89	0.941261	80	1.059432	69	1.109031	81	1.424265	90	1.431284	106	1.432091	92	1.477755	94	1.513472	60	1.592252	79	1.652922	82	1.715699	93	1.734129	67	1.765286	99	1.766674	57	1.820391	64	1.920111	98	2.003997	88	2.110185	96	2.230488	95	2.322015	84	2.539993	55	2.608616	71	2.803956	66	3.010834	61	3.83371	87	3.879834	97	3.889377	68	4.072644	78	4.443548	73	4.598039	91	4.6587	74	4.830621	63	4.840793	85	5.326124	51	5.468095	75	5.58086	56	5.749338	65	5.771444	58	5.773382	54	5.943437	70	6.249684	138	6.390545	86	6.527645	127	6.631103	76	6.701771	50	6.705257	126	6.958399	149
0.232982	91	0.446957	73	0.78626	56	0.7943	78	0.796557	85	0.969626	51	1.056412	97	1.165084	74	1.429575	54	1.495876	70	1.624817	138	1.625853	75	1.735308	58	1.809857	127	1.895209	126	1.941156	65	2.04943	66	2.052538	61	2.144427	87	2.191816	68	2.196377	86	2.235431	72	2.303247	55	2.387446	149	2.391597	76	2.417849	123	2.516243	84	2.606195	133	2.669848	83	2.717828	50	2.841836	95	2.850504	52	2.884645	96	2.938819	121	2.988278	101	2.989958	142	2.993437	71	3.014287	146	3.085623	88	3.114447	119	3.202639	113	3.216236	77	3.34197	99	3.406357	90	3.427752	94	3.697679	114	3.74086	67	3.86569	106	3.919779	92	3.970883	82
0.578138	79	0.663652	82	0.773247	69	0.862208	92	0.883503	67	0.966542	80	0.973994	81	1.154256	89	1.268145	53	1.367922	99	1.496921	59	1.571581	88	1.573883	94	1.634216	71	1.645434	93	1.683703	57	1.699043	98	1.73593	60	1.784385	95	1.799761	96	1.820391	62	1.91638	90	2.487357	55	2.527538	61	2.53968	84	2.663434	66	2.706855	106	3.79093	78	3.905678	97	4.289356	85	4.310771	73	4.370295	91	4.430609	87	4.506313	68	4.579659	63	4.855521	74	5.28891	70	5.33984	51	5.364775	56	5.657912	138	5.699717	75	5.833579	54	5.961611	58	5.98222	127	6.026016	65	6.26431	149	6.267015	126	6.367934	121	6.557759	86	6.749673	142
0.282382	58	0.339331	75	0.700955	86	0.703253	54	0.928045	76	0.962416	50	0.987537	51	1.171015	74	1.336731	52	1.593187	56	1.913701	73	1.941156	63	1.966023	68	1.995254	87	2.014934	91	2.136714	97	2.142123	77	2.287179	72	2.478408	78	2.503519	126	2.570692	133	2.641567	123	2.719641	85	2.773281	127	2.83636	138	2.970942	70	3.15708	146	3.26836	83	3.366134	66	3.429208	149	3.541912	55	3.54377	119	3.563079	84	3.616082	61	3.949415	101	3.952903	142	4.159463	121	4.160631	110	4.167664	111	4.226879	96	4.24742	95	4.256275	113	4.293429	147	4.423193	90	4.454538	88	4.458334	106	4.459189	134	4.599077	94	4.602744	71	4.671698	99
0.26661	55	0.526413	61	0.60169	84	0.873814	96	0.881323	95	1.096344	88	1.243293	97	1.272533	78	1.326618	71	1.332161	99	1.378324	94	1.389741	90	1.703491	73	1.784066	67	1.820257	91	1.912655	92	1.996077	87	2.012656	82	2.04943	63	2.059164	85	2.075298	106	2.07877	68	2.195133	74	2.195218	89	2.34475	59	2.466318	69	2.561842	53	2.663434	64	2.696286	51	2.803956	62	2.822703	56	2.864228	80	3.037571	75	3.077794	81	3.085958	79	3.168056	70	3.184097	54	3.298304	58	3.366134	65	3.455287	138	3.725797	127	3.896927	86	3.904062	126	3.927163	60	3.984401	93	4.03622	57	4.122466	98	4.129756	76	4.17986	149	4.284707	72
0.230853	82	0.303466	92	0.493054	99	0.689028	88	0.795149	94	0.86426	69	0.883503	64	0.88851	89	0.911055	95	0.916555	96	0.945541	71	1.18212	90	1.230185	53	1.252695	59	1.279808	80	1.322264	79	1.439227	81	1.603855	55	1.670867	84	1.694478	61	1.734129	62	1.784066	66	2.119804	106	2.308862	93	2.313694	60	2.356584	57	2.415924	98	2.947396	78	3.027318	97	3.45097	73	3.517331	85	3.525177	91	3.567294	87	3.644512	68	3.74086	63	3.973211	74	4.470839	51	4.527096	56	4.562409	70	4.81788	75	4.914411	138	4.962497	54	5.081979	58	5.143364	65	5.227301	127	5.48446	126	5.560273	149	5.680791	86	5.735278	121	5.913133	76
0.082818	87	1.201436	74	1.369239	97	1.759549	75	1.79059	73	1.966023	65	1.966922	51	1.974375	84	2.032568	78	2.045917	91	2.07303	58	2.07877	66	2.127506	55	2.191816	63	2.241225	54	2.529954	106	2.536904	61	2.559954	56	2.659455	86	2.688582	90	2.776499	96	2.835002	85	2.857179	95	2.870423	50	2.892421	76	2.95493	94	2.997643	88	3.151511	99	3.295131	52	3.39822	71	3.61312	59	3.644512	67	3.655937	92	3.668114	89	3.684921	70	3.767876	138	3.815512	126	3.847141	82	3.879441	72	3.881412	127	3.889377	62	3.931259	53	4.06491	69	4.098327	77	4.180671	123	4.229626	133	4.374163	80	4.506313	64	4.514787	149	4.611098	81
0.420553	80	0.436355	89	0.501061	53	0.598473	92	0.613127	81	0.694517	82	0.731725	59	0.75266	79	0.773247	64	0.86426	67	1.059432	62	1.140621	94	1.156755	99	1.379032	90	1.418125	88	1.480524	60	1.518377	93	1.570003	57	1.611363	96	1.658776	98	1.666764	95	1.809745	71	2.007836	106	2.177065	84	2.238638	55	2.466318	66	2.488096	61	3.685245	97	3.703518	78	3.995084	87	4.06491	68	4.169141	73	4.272099	91	4.339207	85	4.495973	63	4.584755	74	5.153262	51	5.278096	56	5.402585	70	5.427523	75	5.633934	54	5.709554	58	5.739511	65	5.74601	138	6.051983	127	6.290242	126	6.321449	86	6.406305	149	6.558639	76	6.596407	121
0.401785	138	0.746996	127	1.014962	149	1.108905	85	1.15628	126	1.382403	56	1.449094	121	1.495876	63	1.570124	83	1.585972	101	1.586604	142	1.670593	91	1.732575	123	1.747652	113	1.793951	72	1.924159	73	1.982244	78	2.038682	119	2.057879	133	2.06118	51	2.182876	146	2.244135	114	2.280355	54	2.495437	97	2.588383	74	2.698016	58	2.745492	75	2.88108	86	2.944588	61	2.970942	65	2.978777	76	3.168056	66	3.235622	134	3.272126	77	3.333027	52	3.421624	50	3.434195	55	3.639303	87	3.660978	71	3.684921	68	3.705527	111	3.733792	84	3.760761	95	3.854727	96	4.007532	88	4.270216	99	4.454848	147	4.455016	103	4.472074	94	4.551901	90
0.653972	95	0.721575	88	0.806775	96	0.877403	99	0.945541	67	0.987642	61	1.136188	82	1.231168	92	1.278862	94	1.285735	55	1.326618	66	1.554818	84	1.609915	90	1.634216	64	1.780066	89	1.809745	69	2.105355	59	2.148796	53	2.175149	79	2.223664	78	2.223726	80	2.37256	81	2.471629	97	2.601898	106	2.608616	62	2.656168	85	2.77427	73	2.797351	91	2.993437	63	3.21388	93	3.241574	60	3.258777	57	3.300623	98	3.315874	87	3.39822	68	3.444137	74	3.660978	70	3.77127	56	3.821341	51	4.025908	138	4.265941	75	4.318974	54	4.348625	127	4.498808	58	4.602744	65	4.634093	126	4.64642	149	4.796218	121	5.068603	86	5.129122	72
0.36227	123	0.373341	133	0.650862	126	0.895096	146	1.060748	83	1.10337	127	1.26053	119	1.413243	138	1.481007	56	1.524922	149	1.543247	77	1.695357	54	1.749184	76	1.793951	70	1.795105	86	1.863322	101	1.867595	142	1.908211	52	1.917484	51	2.030125	58	2.196121	113	2.205028	50	2.23407	134	2.235431	63	2.238359	111	2.256295	121	2.270752	75	2.287179	65	2.465928	91	2.494137	85	2.546075	114	2.617285	73	2.692148	74	2.788711	147	2.834643	110	3.020088	78	3.076578	137	3.089814	103	3.129198	116	3.203824	97	3.637962	115	3.700778	128	3.721426	148	3.858111	132	3.865162	145	3.870681	87	3.879441	68	4.131641	141	4.242148	136	4.247775	61
0.25666	91	0.446957	63	0.569988	78	0.61326	97	0.912751	74	1.048076	51	1.063618	85	1.137406	56	1.545438	54	1.576992	75	1.703491	66	1.736826	87	1.760676	58	1.79059	68	1.79739	61	1.913701	65	1.924159	70	1.943663	55	2.070495	138	2.121789	84	2.255527	127	2.301894	86	2.323033	126	2.519527	76	2.541275	95	2.565293	96	2.617285	72	2.77427	71	2.777374	88	2.785463	50	2.825031	123	2.833406	149	2.989503	52	2.99047	133	3.021649	90	3.025843	99	3.073295	94	3.109339	83	3.372051	121	3.42623	146	3.434124	101	3.435006	106	3.435762	142	3.45097	67	3.462379	77	3.549004	119	3.607182	92	3.644694	113	3.681817	82	3.892838	89
0.77477	51	0.845657	75	0.912751	73	0.97255	97	1.112602	91	1.126244	58	1.133499	54	1.165084	63	1.171015	65	1.184132	87	1.201436	68	1.366875	56	1.41611	78	1.742753	86	1.934612	85	1.982264	76	2.125078	50	2.195133	66	2.373472	55	2.414395	84	2.440769	52	2.461166	61	2.588383	70	2.615536	126	2.617693	138	2.692148	72	2.701446	127	2.984325	123	3.049467	133	3.056921	96	3.076407	95	3.108182	77	3.284249	88	3.294054	90	3.347465	149	3.442122	83	3.444137	71	3.445615	106	3.446357	94	3.503783	99	3.577968	146	3.826292	119	3.93605	101	3.938527	142	3.973211	67	3.985382	121	4.073486	92	4.193209	113	4.199278	82	4.247823	89
0.314853	58	0.339331	65	0.581939	54	0.702385	51	0.845657	74	0.925576	86	1.165645	76	1.279616	50	1.364244	56	1.576992	73	1.609748	52	1.625853	63	1.686597	91	1.759549	68	1.77755	87	1.803229	97	2.140251	78	2.270752	72	2.346913	77	2.398457	126	2.413504	85	2.585409	133	2.611372	123	2.621705	127	2.647822	138	2.745492	70	3.037571	66	3.160311	146	3.194539	83	3.21905	55	3.253805	84	3.278883	61	3.284587	149	3.506529	119	3.828824	101	3.832062	142	3.901848	96	3.918805	95	3.997484	121	4.124187	90	4.12456	113	4.128856	88	4.204306	106	4.265941	71	4.271701	111	4.288065	94	4.349384	99	4.35621	110	4.467677	147	4.485995	134
0.240561	86	0.466277	50	0.471073	52	0.859749	58	0.928045	65	0.975724	54	1.165645	75	1.217654	77	1.471671	51	1.749184	72	1.765065	56	1.934952	133	1.982264	74	2.107829	123	2.17845	126	2.391597	63	2.516642	146	2.519527	73	2.538439	91	2.558964	127	2.730839	138	2.807271	83	2.886921	97	2.892421	68	2.91937	87	2.978777	70	2.980662	119	3.070543	85	3.083087	78	3.154403	149	3.235591	110	3.323351	111	3.378062	147	3.584763	101	3.588818	142	3.737231	134	3.907096	121	3.912701	113	3.973952	137	4.028412	116	4.110643	115	4.12576	145	4.129756	66	4.16209	103	4.256524	141	4.272483	148	4.289034	114	4.307752	61	4.33059	55	4.394781	84
0.931006	52	1.217654	76	1.424333	50	1.441711	86	1.470199	133	1.543247	72	1.790261	123	1.905176	146	1.990946	54	2.018559	110	2.032181	58	2.142123	65	2.165094	147	2.181447	126	2.229491	111	2.346913	75	2.444336	119	2.454306	56	2.459123	51	2.469275	83	2.634524	127	2.794326	137	2.847904	116	2.852363	134	2.894784	115	2.919721	138	2.932243	145	3.024013	103	3.05223	149	3.054899	148	3.092492	141	3.108182	74	3.216236	63	3.272126	70	3.301788	101	3.3063	142	3.41085	91	3.435854	128	3.462379	73	3.542135	132	3.631697	113	3.644738	136	3.658811	112	3.662178	139	3.732539	85	3.758419	121	3.895644	114	3.929268	97	3.97999	140	3.98797	78
0.569988	73	0.579367	91	0.663752	97	0.7943	63	0.913383	85	1.263801	61	1.272533	66	1.41611	74	1.533432	55	1.580078	56	1.611949	51	1.784178	84	1.963595	87	1.982244	70	2.032568	68	2.047548	95	2.092245	96	2.107518	54	2.140251	75	2.223664	71	2.22449	138	2.291583	88	2.330521	58	2.47348	127	2.478408	65	2.548557	99	2.632723	126	2.647247	94	2.6516	90	2.868381	86	2.947396	67	2.971845	149	3.020088	72	3.083087	76	3.12575	92	3.177624	82	3.182363	123	3.202335	106	3.355339	50	3.362455	83	3.388381	133	3.407772	121	3.459472	89	3.55191	52	3.561049	101	3.561994	142	3.617236	59	3.703518	69	3.728832	113	3.769922	146
0.527476	81	0.578138	64	0.651022	80	0.75266	69	1.067432	93	1.09237	82	1.106286	57	1.113031	53	1.129272	98	1.165741	60	1.179663	92	1.186172	89	1.322264	67	1.424584	59	1.592252	62	1.754811	99	1.84552	94	1.993571	88	2.120789	90	2.175149	71	2.212241	96	2.228258	95	2.742214	106	2.871676	84	2.882351	55	3.015041	61	3.085958	66	4.269642	78	4.325822	97	4.724105	87	4.769353	73	4.795735	68	4.817262	85	4.847255	91	5.063114	63	5.25313	74	5.781385	51	5.836122	70	5.849355	56	6.098649	75	6.199526	138	6.270054	54	6.371893	58	6.417671	65	6.519594	127	6.791573	126	6.819234	149	6.937608	121	6.977322	86	7.211949	76
0.237383	81	0.420553	69	0.494929	53	0.651022	79	0.710846	89	0.829035	59	0.941261	62	0.966542	64	1.018995	92	1.066534	60	1.095174	82	1.128991	93	1.18219	57	1.279808	67	1.288269	98	1.50981	94	1.570425	99	1.691573	90	1.833184	88	2.020187	96	2.082292	95	2.158539	106	2.223726	71	2.538451	84	2.62893	55	2.864228	66	2.904949	61	4.070093	97	4.111586	78	4.307511	87	4.374163	68	4.567602	73	4.677116	91	4.758073	85	4.902481	63	4.952673	74	5.540058	51	5.682647	56	5.791974	75	5.822975	70	6.016586	54	6.07883	58	6.098782	65	6.165701	138	6.470819	127	6.693461	86	6.706002	126	6.826856	149	6.93173	76	7.014621	121
0.237383	80	0.527476	79	0.613127	69	0.72116	53	0.875442	60	0.906918	93	0.945675	89	0.959163	57	0.973994	64	1.057218	98	1.057848	59	1.109031	62	1.201502	92	1.236373	82	1.439227	67	1.734954	94	1.769092	99	1.927224	90	2.029517	88	2.224473	96	2.277601	95	2.37256	71	2.383859	106	2.767266	84	2.846981	55	3.077794	66	3.097023	61	4.291375	97	4.316572	78	4.544272	87	4.611098	68	4.781063	73	4.885191	91	4.943613	85	5.109097	63	5.1806	74	5.760642	51	5.891175	56	5.999203	70	6.021059	75	6.239194	54	6.30651	58	6.329276	65	6.347197	138	6.656034	127	6.899475	126	6.92031	86	6.998991	149	7.15823	76	7.16877	121
0.230853	67	0.277302	92	0.663652	64	0.694517	69	0.704316	99	0.822037	89	0.916525	88	0.943648	94	1.09237	79	1.095174	80	1.118701	53	1.136188	71	1.141638	95	1.142505	96	1.20104	59	1.236373	81	1.314021	90	1.652922	62	1.827643	55	1.877423	84	1.923032	61	2.012656	66	2.090716	93	2.106614	60	2.13756	57	2.1924	98	2.201827	106	3.177624	78	3.255933	97	3.681817	73	3.738586	85	3.755598	91	3.770843	87	3.847141	68	3.970883	63	4.199278	74	4.701174	51	4.757139	56	4.776633	70	5.04432	75	5.131858	138	5.192552	54	5.309803	58	5.368903	65	5.446817	127	5.708335	126	5.771096	149	5.909582	86	5.932403	121	6.142233	76
0.471693	119	0.714759	123	0.733091	146	0.73701	149	0.826631	126	0.832823	101	0.837321	142	0.895059	127	0.999966	133	1.060748	72	1.164302	113	1.198969	138	1.31641	121	1.485684	114	1.570124	70	1.679488	134	2.086385	56	2.175452	111	2.469275	77	2.604271	85	2.614072	54	2.669848	63	2.701019	51	2.807271	76	2.839274	86	2.890044	103	2.896417	91	2.96093	52	2.995794	58	3.014051	147	3.028981	137	3.073091	116	3.109339	73	3.174348	110	3.194539	75	3.265208	50	3.26836	65	3.362455	78	3.442122	74	3.562569	128	3.722598	97	3.73925	132	3.832363	115	3.855602	148	4.109479	108	4.169916	145	4.284038	136	4.411169	104	4.462148	61	4.493238	141
0.378007	55	0.60169	66	0.820685	96	0.903878	90	0.930395	95	1.031479	88	1.036454	94	1.064337	61	1.177837	99	1.47504	106	1.554818	71	1.564439	97	1.670867	67	1.703518	92	1.784178	78	1.833799	89	1.877423	82	1.896712	87	1.904376	59	1.974375	68	2.121789	73	2.167117	53	2.177065	69	2.283263	91	2.322015	62	2.414395	74	2.516243	63	2.538451	80	2.53968	64	2.627334	85	2.767266	81	2.871676	79	3.027126	51	3.253805	75	3.259191	56	3.492082	54	3.540629	58	3.563079	65	3.574748	60	3.666809	93	3.720235	57	3.733792	70	3.824482	98	4.002568	138	4.156047	86	4.257617	127	4.394781	76	4.403676	126	4.525382	50	4.738287	72
0.796557	63	0.827116	91	0.913383	78	1.063618	73	1.108905	70	1.317992	56	1.413502	138	1.515726	97	1.712777	127	1.73431	51	1.858282	61	1.934612	74	1.97793	126	2.059164	66	2.121501	149	2.151045	54	2.325351	55	2.413504	75	2.494137	72	2.496895	58	2.503306	121	2.569355	123	2.604271	83	2.627334	84	2.656168	71	2.680925	95	2.693957	101	2.694488	142	2.719641	65	2.765303	96	2.775398	87	2.835002	68	2.835335	133	2.838864	113	2.898805	86	2.929658	88	3.070543	76	3.075075	119	3.114704	146	3.193324	99	3.331711	114	3.374206	94	3.437752	50	3.444029	90	3.50876	52	3.517331	67	3.732539	77	3.738586	82	3.742848	92	4.080864	106
0.240561	76	0.548335	50	0.619239	58	0.700955	65	0.702187	52	0.768272	54	0.925576	75	1.257075	51	1.441711	77	1.611694	56	1.742753	74	1.795105	72	2.019431	133	2.157301	123	2.161356	126	2.196377	63	2.301894	73	2.332818	91	2.514775	127	2.607834	146	2.653687	97	2.65925	138	2.659455	68	2.684805	87	2.839274	83	2.868381	78	2.88108	70	2.898805	85	3.047472	119	3.132831	149	3.459994	110	3.499547	111	3.592091	101	3.593445	147	3.595999	142	3.86367	134	3.883772	121	3.896927	66	3.915456	113	4.083879	61	4.095376	55	4.156047	84	4.172579	137	4.227255	116	4.310149	114	4.336494	115	4.346696	103	4.359839	145	4.494373	141	4.49521	148
0.082818	68	1.184132	74	1.299863	97	1.736826	73	1.77755	75	1.896712	84	1.954902	51	1.963595	78	1.992886	91	1.995254	65	1.996077	66	2.046057	55	2.091989	58	2.144427	63	2.245365	54	2.454236	61	2.483982	106	2.534296	56	2.620093	90	2.684805	86	2.696844	96	2.775398	85	2.776483	95	2.881979	94	2.909576	50	2.918475	88	2.91937	76	3.074248	99	3.315874	71	3.328038	52	3.550866	59	3.567294	67	3.581502	92	3.600509	89	3.639303	70	3.729823	138	3.770843	82	3.793049	126	3.83371	62	3.849772	127	3.867377	53	3.870681	72	3.995084	69	4.121104	77	4.16774	123	4.223431	133	4.307511	80	4.430609	64	4.479433	149	4.544272	81
0.229097	96	0.249221	95	0.263691	99	0.573715	94	0.689028	67	0.721575	71	0.834168	92	0.88835	90	0.916525	82	0.917611	55	1.031479	84	1.072697	61	1.096344	66	1.238506	89	1.418125	69	1.499858	59	1.571581	64	1.623035	53	1.833184	80	1.882103	106	1.993571	79	2.003997	62	2.029517	81	2.291583	78	2.339524	97	2.777374	73	2.864866	91	2.898222	60	2.918475	87	2.928581	93	2.929658	85	2.97889	57	2.997643	68	3.054014	98	3.085623	63	3.284249	74	3.788511	51	3.870286	56	4.007532	70	4.128856	75	4.278486	54	4.340926	138	4.393343	58	4.454538	65	4.641468	127	4.87284	126	4.993208	86	5.017811	149	5.226096	76	5.254702	121
0.379951	59	0.384534	53	0.436355	69	0.586967	92	0.710846	80	0.819696	94	0.822037	82	0.845629	62	0.88851	67	0.945675	81	0.980294	99	0.981729	90	1.154256	64	1.186172	79	1.238506	88	1.390876	96	1.48239	95	1.575173	106	1.744008	60	1.780066	71	1.833799	84	1.834773	93	1.888444	57	1.949179	55	1.998751	98	2.195218	66	2.298932	61	3.378355	97	3.459472	78	3.600509	87	3.668114	68	3.892838	73	4.01529	91	4.156006	85	4.243758	63	4.247823	74	4.848265	51	5.017716	56	5.085255	75	5.242108	70	5.320527	54	5.374049	58	5.390295	65	5.569322	138	5.863661	127	5.989813	86	6.076794	126	6.22858	76	6.253922	149	6.352578	50
0.391625	94	0.800309	99	0.862056	96	0.88835	88	0.903878	84	0.981729	89	0.998537	106	1.002233	59	1.019499	95	1.061506	92	1.123521	55	1.18212	67	1.280267	53	1.314021	82	1.379032	69	1.389741	66	1.424265	62	1.609915	71	1.668669	61	1.691573	80	1.91638	64	1.927224	81	2.120789	79	2.468094	97	2.620093	87	2.6516	78	2.688582	68	2.696015	60	2.807984	93	2.861954	57	2.977488	98	3.021649	73	3.173779	91	3.294054	74	3.406357	63	3.444029	85	3.927791	51	4.124187	75	4.158496	56	4.387818	54	4.418328	58	4.423193	65	4.551901	70	4.844705	138	5.03639	86	5.114944	127	5.276179	76	5.283221	126	5.384513	50	5.565516	149
0.232982	63	0.25666	73	0.579367	78	0.827116	85	0.840714	97	1.006034	56	1.080879	51	1.112602	74	1.56519	54	1.670593	70	1.686597	75	1.820257	66	1.829811	138	1.832717	58	1.8431	61	1.992886	87	2.014934	65	2.029706	127	2.045917	68	2.072553	55	2.126777	126	2.283263	84	2.332818	86	2.465928	72	2.538439	76	2.592685	149	2.622558	95	2.650794	123	2.661254	96	2.797351	71	2.837218	133	2.83961	50	2.864866	88	2.896417	83	3.003395	52	3.119295	121	3.119704	99	3.173779	90	3.192732	101	3.194258	142	3.198429	94	3.24724	146	3.343505	119	3.397344	113	3.41085	77	3.525177	67	3.637078	106	3.698722	92	3.755598	82	3.893647	114
0.277302	82	0.303466	67	0.581457	99	0.586967	89	0.598473	69	0.711824	94	0.834168	88	0.862208	64	0.927927	53	0.956726	59	1.018995	80	1.042025	96	1.061506	90	1.07976	95	1.179663	79	1.201502	81	1.231168	71	1.432091	62	1.703262	55	1.703518	84	1.896028	61	1.912655	66	1.926461	106	2.07517	60	2.095568	93	2.145548	57	2.219923	98	3.12575	78	3.148741	97	3.581502	87	3.607182	73	3.655937	68	3.698722	91	3.742848	85	3.919779	63	4.073486	74	4.608802	51	4.704309	56	4.80417	70	4.919029	75	5.095295	54	5.148389	138	5.192447	58	5.238505	65	5.455512	127	5.698263	126	5.798621	86	5.807884	149	6.003035	121	6.03367	76
0.054108	57	0.209277	98	0.274149	60	0.906918	81	1.067432	79	1.128991	80	1.518377	69	1.541925	53	1.645434	64	1.715699	62	1.834773	89	1.864812	59	2.090716	82	2.095568	92	2.308862	67	2.638605	94	2.670425	99	2.807984	90	2.928581	88	3.128059	96	3.128481	106	3.175218	95	3.21388	71	3.666809	84	3.753819	55	3.984401	66	3.989877	61	5.19755	97	5.218982	78	5.409176	87	5.473183	68	5.687461	73	5.789313	91	5.825967	85	6.012287	63	6.08119	74	6.667106	51	6.795344	56	6.867004	70	6.919716	75	7.144834	54	7.207405	58	7.222381	138	7.225036	65	7.536143	127	7.789892	126	7.8223	86	7.859008	149	7.996356	121	8.060641	76
0.391625	90	0.423082	99	0.573715	88	0.635295	96	0.711824	92	0.767908	95	0.795149	67	0.819696	89	0.943648	82	0.988334	59	1.036454	84	1.129661	55	1.140621	69	1.183667	53	1.278862	71	1.373102	106	1.378324	66	1.477755	62	1.50981	80	1.533545	61	1.573883	64	1.734954	81	1.84552	79	2.56134	60	2.561693	97	2.638605	93	2.647247	78	2.691635	57	2.791533	98	2.881979	87	2.95493	68	3.073295	73	3.198429	91	3.374206	85	3.427752	63	3.446357	74	4.031887	51	4.199515	56	4.288065	75	4.472074	70	4.507	54	4.571967	58	4.599077	65	4.78661	138	5.072863	127	5.1854	86	5.272404	126	5.423277	76	5.486711	149	5.561246	50
0.161352	96	0.249221	88	0.512778	99	0.653972	71	0.738083	55	0.767908	94	0.823543	61	0.881323	66	0.911055	67	0.930395	84	1.019499	90	1.07976	92	1.141638	82	1.48239	89	1.666764	69	1.729534	59	1.784385	64	1.866636	53	1.984375	106	2.047548	78	2.082292	80	2.121578	97	2.228258	79	2.230488	62	2.277601	81	2.541275	73	2.622558	91	2.680925	85	2.776483	87	2.841836	63	2.857179	68	3.076407	74	3.147076	60	3.175218	93	3.225286	57	3.298353	98	3.559907	51	3.6272	56	3.760761	70	3.918805	75	4.051976	54	4.092597	138	4.177827	58	4.24742	65	4.392505	127	4.623807	126	4.771841	149	4.773405	86	5.00483	76	5.016914	121
0.161352	95	0.229097	88	0.460584	99	0.635295	94	0.688555	55	0.806775	71	0.820685	84	0.862056	90	0.873814	66	0.910152	61	0.916555	67	1.042025	92	1.142505	82	1.390876	89	1.611363	69	1.61425	59	1.772623	53	1.799761	64	1.823064	106	2.020187	80	2.092245	78	2.110185	62	2.11565	97	2.212241	79	2.224473	81	2.565293	73	2.661254	91	2.696844	87	2.765303	85	2.776499	68	2.884645	63	3.056921	74	3.086719	60	3.128059	93	3.179065	57	3.259232	98	3.569366	51	3.667286	56	3.854727	70	3.901848	75	4.057847	54	4.167789	58	4.178734	138	4.226879	65	4.472962	127	4.691842	126	4.769102	86	4.868037	149	5.002569	76	5.110611	72
0.61326	73	0.663752	78	0.840714	91	0.97255	74	1.056412	63	1.243293	66	1.299863	87	1.369239	68	1.448015	55	1.470195	51	1.489961	61	1.515726	85	1.564439	84	1.724612	56	1.803229	75	1.948854	54	2.056348	58	2.11565	96	2.121578	95	2.136714	65	2.339524	88	2.468094	90	2.471629	71	2.495437	70	2.561693	94	2.571023	99	2.653687	86	2.670314	138	2.826754	106	2.866199	127	2.886921	76	2.934206	126	3.027318	67	3.078307	50	3.148741	92	3.203824	72	3.255933	82	3.355634	52	3.378355	89	3.426173	123	3.433027	149	3.46869	59	3.577005	133	3.685245	69	3.722598	83	3.724916	53	3.879834	62	3.905678	64	3.929268	77	3.94348	121
0.166528	57	0.209277	93	0.471101	60	1.057218	81	1.129272	79	1.288269	80	1.658776	69	1.699043	64	1.723142	53	1.920111	62	1.998751	89	2.050926	59	2.1924	82	2.219923	92	2.415924	67	2.791533	94	2.799416	99	2.977488	90	3.054014	88	3.259232	96	3.298353	95	3.300623	71	3.327295	106	3.824482	84	3.897324	55	4.106379	61	4.122466	66	5.34398	97	5.345484	78	5.586766	87	5.651804	68	5.823356	73	5.918598	91	5.930832	85	6.139614	63	6.237629	74	6.811977	51	6.924231	56	6.960392	70	7.078269	75	7.292584	54	7.320566	138	7.363432	58	7.38633	65	7.637801	127	7.900279	126	7.946593	149	7.976868	86	8.065886	121	8.214597	76
0.263691	88	0.423082	94	0.460584	96	0.493054	67	0.512778	95	0.581457	92	0.704316	82	0.800309	90	0.877403	71	0.980294	89	1.130345	55	1.156755	69	1.177837	84	1.259258	59	1.332161	66	1.33632	61	1.364575	53	1.367922	64	1.570425	80	1.754811	79	1.765286	62	1.769092	81	1.793636	106	2.548557	78	2.571023	97	2.636048	60	2.670425	93	2.72111	57	2.799416	98	3.025843	73	3.074248	87	3.119704	91	3.151511	68	3.193324	85	3.34197	63	3.503783	74	4.028435	51	4.125615	56	4.270216	70	4.349384	75	4.515878	54	4.604452	138	4.619221	58	4.671698	65	4.905158	127	5.135658	126	5.223106	86	5.279934	149	5.4574	76	5.510508	121
0.441159	104	0.658759	124	0.840023	143	0.87377	136	0.96401	140	1.026744	144	1.073402	132	1.080427	120	1.103594	108	1.174994	112	1.227693	102	1.247605	128	1.44618	129	1.452551	148	1.532698	139	1.551682	125	1.656048	115	1.787103	116	1.839097	137	1.915529	145	1.921513	103	1.924281	109	1.928461	130	2.027065	107	2.104917	141	2.301542	147	2.31118	135	2.473783	110	2.599949	105	2.694263	111	2.737022	122	2.92676	118	2.941627	131	2.988223	117	3.249361	134	4.214553	146	4.354901	119	4.465001	77	4.545401	133	4.767802	123	4.809919	83	4.915169	72	5.096088	114	5.170137	101	5.172957	142	5.306029	113	5.351115	126	5.367788	52	5.490123	149	5.647286	127
0.004547	142	0.333518	113	0.567048	121	0.600879	149	0.746378	114	0.832823	83	1.003943	119	1.235914	127	1.363633	138	1.447838	126	1.490826	146	1.536773	123	1.585972	70	1.832789	133	1.863322	72	1.920959	134	2.576397	56	2.693957	85	2.702891	111	2.988278	63	3.192732	91	3.253266	51	3.263206	54	3.270076	103	3.301788	77	3.434124	73	3.499507	137	3.53577	116	3.561049	78	3.584763	76	3.592091	86	3.633661	147	3.669197	58	3.771522	52	3.828824	75	3.839636	110	3.93605	74	3.94565	128	3.949415	65	4.032765	97	4.04853	50	4.127416	132	4.335489	108	4.395415	148	4.405706	115	4.507173	61	4.752315	66	4.756013	136	4.790526	145	4.805331	104
0.492911	125	0.633381	143	0.684054	129	0.806388	130	0.839217	109	0.888225	120	0.908206	107	1.085911	135	1.102658	144	1.120388	124	1.227693	100	1.387152	140	1.387573	105	1.516785	122	1.584082	104	1.699182	118	1.712299	112	1.769655	136	1.80163	131	1.829135	139	1.829878	117	2.261902	132	2.263739	108	2.327908	148	2.442692	128	2.468973	115	2.498619	145	2.505025	141	2.925537	116	2.972908	137	3.120813	103	3.267897	147	3.347156	110	3.837668	111	4.466984	134	5.36178	77	5.365681	146	5.545058	119	5.646715	133	5.894577	123	5.991533	83	6.009059	72	6.215836	52	6.32371	114	6.385637	101	6.388563	142	6.486916	126	6.528868	113	6.575434	76	6.685959	149
0.43043	116	0.440956	137	0.678236	128	0.858989	132	0.86684	111	1.183887	147	1.333161	148	1.353808	108	1.364141	134	1.453047	115	1.523837	136	1.527835	110	1.537275	104	1.921513	100	1.943657	112	1.950423	145	2.099762	140	2.129641	124	2.285287	139	2.321329	146	2.327773	141	2.42178	144	2.433428	119	2.589699	143	2.627679	120	2.716567	133	2.890044	83	2.898474	123	3.024013	77	3.089814	72	3.120813	102	3.270076	101	3.273137	142	3.279335	114	3.348494	129	3.431191	113	3.465473	126	3.473181	125	3.569406	149	3.684507	109	3.738251	127	3.819272	121	3.849857	130	3.948577	107	3.952935	52	4.069843	138	4.16209	76	4.204362	135	4.346696	86	4.442412	50
0.441159	100	0.506725	136	0.678341	132	0.679293	124	0.841218	140	0.859791	128	0.934041	112	1.035121	108	1.041438	148	1.048139	144	1.072098	143	1.19166	120	1.254909	115	1.336963	139	1.36167	116	1.412247	137	1.537275	103	1.575094	145	1.584082	102	1.816485	141	1.862383	147	1.87777	129	1.956863	125	2.04456	110	2.182616	109	2.273729	111	2.330434	130	2.431005	107	2.667087	135	2.890262	134	2.971317	105	3.100295	122	3.271608	118	3.346642	131	3.387733	117	3.799412	146	3.962139	119	4.026903	77	4.115518	133	4.344594	123	4.411169	83	4.484098	72	4.772538	114	4.805331	101	4.808325	142	4.931212	126	4.93264	52	4.956632	113	5.102283	149	5.236941	127
0.163156	122	0.338532	135	0.436003	118	0.562434	117	0.598876	131	0.679062	107	0.74563	130	1.093327	125	1.15308	109	1.362813	129	1.387573	102	1.973306	143	2.10102	120	2.345619	144	2.471259	124	2.599949	100	2.678333	140	2.971317	104	2.989159	112	2.990287	139	3.132506	136	3.566351	108	3.626946	141	3.648632	132	3.661895	148	3.713142	145	3.777227	115	3.829015	128	4.310219	116	4.356832	137	4.50725	103	4.605355	147	4.647375	110	5.220902	111	5.848413	134	6.637258	77	6.748189	146	6.932628	119	7.014197	133	7.2699	123	7.372869	72	7.378647	83	7.453582	52	7.686891	114	7.768581	101	7.77145	142	7.838008	76	7.864123	126	7.905743	113	7.916653	50
0.998537	90	1.330181	59	1.373102	94	1.431284	62	1.47504	84	1.575173	89	1.664039	53	1.793636	99	1.823064	96	1.830632	55	1.882103	88	1.926461	92	1.984375	95	2.007836	69	2.075298	66	2.119804	67	2.158539	80	2.201827	82	2.383859	81	2.483982	87	2.490836	61	2.529954	68	2.601898	71	2.706855	64	2.742214	79	2.826754	97	2.940858	60	3.128481	93	3.180959	57	3.202335	78	3.327295	98	3.435006	73	3.445615	74	3.637078	91	3.86569	63	4.080864	85	4.174153	51	4.204306	75	4.458334	65	4.516352	58	4.546547	56	4.579036	54	5.128882	86	5.179183	70	5.367954	76	5.390305	50	5.424549	138	5.657754	127	5.757667	126	5.795027	52
0.102467	130	0.475441	125	0.574252	135	0.679062	105	0.68941	129	0.841588	122	0.908206	102	0.91575	131	0.961679	117	1.104297	118	1.133846	109	1.54132	143	1.764449	120	1.994331	144	2.026686	124	2.027065	100	2.292781	140	2.431005	104	2.617085	112	2.668202	136	2.704264	139	2.928781	108	3.097209	132	3.234016	148	3.273671	128	3.37356	141	3.377156	115	3.394273	145	3.79067	116	3.840152	137	3.948577	103	4.171768	147	4.255336	110	4.703771	111	5.266876	134	6.230323	146	6.269812	77	6.381939	119	6.532138	133	6.77118	123	6.836186	83	6.897125	72	7.073461	114	7.121155	52	7.187196	101	7.189896	142	7.31055	113	7.360146	126	7.483071	76	7.516838	149
0.901831	132	0.934029	128	1.035121	104	1.103594	100	1.353808	103	1.454998	136	1.488135	116	1.540271	137	1.676243	124	1.783051	148	1.876278	140	1.941261	112	1.943563	143	2.001129	115	2.057608	144	2.160009	120	2.220385	111	2.258606	129	2.263739	102	2.269202	147	2.351837	139	2.439636	145	2.448864	134	2.474649	125	2.557656	110	2.744931	141	2.840864	130	2.928781	107	3.016819	109	3.312122	135	3.566351	105	3.618861	146	3.638787	119	3.716251	122	3.808224	131	3.872671	117	3.933452	118	4.054265	133	4.109479	83	4.15838	114	4.212321	123	4.330656	77	4.335489	101	4.337734	142	4.425921	113	4.426321	72	4.730293	149	4.758385	126	4.84206	121	4.989802	127
0.827731	135	0.839217	102	1.049408	125	1.075331	130	1.082339	120	1.111502	143	1.133846	107	1.15308	105	1.200917	122	1.250307	118	1.319136	144	1.380249	129	1.555811	124	1.66621	140	1.712108	117	1.733636	131	1.878805	139	1.924281	100	1.946448	112	2.182616	104	2.19688	136	2.490947	141	2.608748	145	2.656016	148	2.737835	115	2.842024	132	3.016819	108	3.022773	128	3.417105	116	3.457443	137	3.584876	147	3.585065	110	3.684507	103	4.303451	111	5.048587	134	5.540958	77	5.812371	146	6.024879	133	6.052334	119	6.301138	123	6.334288	52	6.373133	72	6.47889	83	6.729854	76	6.790583	50	6.89881	126	6.945485	101	6.948724	142	6.950094	114	6.965323	86
0.346128	147	0.878184	115	1.030968	145	1.038641	148	1.117539	137	1.153556	116	1.278479	111	1.323153	141	1.527835	103	1.624419	128	1.631295	136	1.65823	112	1.674109	132	1.732698	139	1.973129	140	2.018559	77	2.04456	104	2.23197	124	2.301785	144	2.317647	134	2.44578	146	2.473783	100	2.512103	133	2.546581	120	2.557656	108	2.714617	143	2.824355	123	2.834643	72	2.841383	119	2.900488	52	3.174348	83	3.235591	76	3.347156	102	3.389179	50	3.413606	126	3.459994	86	3.585065	109	3.812175	127	3.812994	125	3.828122	129	3.839636	101	3.843769	142	3.910426	149	3.950326	54	4.04156	58	4.098751	113	4.122963	114	4.153387	130	4.155506	138	4.160631	65
0.864891	137	0.86684	103	0.913322	116	0.989679	147	1.039182	134	1.278479	110	1.464227	128	1.528099	146	1.626266	132	1.696141	148	1.704004	115	1.757289	119	1.865391	133	2.073752	123	2.109546	136	2.112012	145	2.175452	83	2.220385	108	2.229491	77	2.238359	72	2.273729	104	2.409929	112	2.47303	141	2.646305	140	2.657692	126	2.659061	139	2.694263	100	2.702891	101	2.706615	142	2.766907	124	2.888248	114	2.895436	149	2.924363	113	2.969523	127	2.990967	144	3.146018	52	3.22179	120	3.257222	143	3.26932	121	3.310095	138	3.323351	76	3.499547	86	3.627921	50	3.705527	70	3.718802	56	3.75712	54	3.837668	102	3.975302	58	4.089128	51	4.139574	129
0.325546	140	0.411288	139	0.500945	136	0.643688	144	0.650224	124	0.72024	148	0.793092	115	0.806579	145	0.8887	120	0.933242	141	0.934041	104	1.081343	143	1.174994	100	1.258409	132	1.399497	128	1.586468	116	1.615116	137	1.638428	147	1.65823	110	1.712299	102	1.941261	108	1.943657	103	1.946448	109	2.194185	125	2.26304	129	2.409929	111	2.51627	130	2.617085	107	2.653092	135	2.989159	105	3.081645	122	3.181786	118	3.26794	134	3.483228	131	3.496783	117	3.658811	77	3.888873	146	4.079952	133	4.166926	119	4.360976	123	4.426849	72	4.504109	52	4.574862	83	4.868738	76	4.958755	126	4.980568	50	5.098405	86	5.101909	101	5.105464	142	5.198389	114
0.329149	142	0.333518	101	0.424112	121	0.496997	114	0.848724	149	1.164302	83	1.290571	119	1.510101	127	1.586528	138	1.747652	70	1.76216	126	1.800278	146	1.870229	123	2.067837	134	2.163912	133	2.196121	72	2.838864	85	2.844837	56	2.924363	111	3.202639	63	3.397344	91	3.431191	103	3.531012	51	3.564908	54	3.631697	77	3.644694	73	3.690558	137	3.723579	116	3.728832	78	3.877327	147	3.912701	76	3.915456	86	3.97505	58	4.098751	110	4.099796	128	4.104206	52	4.12456	75	4.193209	74	4.232776	97	4.256275	65	4.281738	132	4.377133	50	4.425921	108	4.604627	148	4.609748	61	4.627461	115	4.885341	66	4.937353	136	4.956632	104	5.028387	145
0.496997	113	0.743352	142	0.746378	101	0.85734	121	1.327884	149	1.46227	119	1.485684	83	1.93051	134	1.979118	127	2.003013	146	2.078066	138	2.185854	126	2.198513	123	2.244135	70	2.45404	133	2.546075	72	2.888248	111	3.279335	103	3.319219	56	3.331711	85	3.585143	137	3.61205	116	3.697679	63	3.870192	147	3.893647	91	3.895644	77	3.927901	128	3.998805	51	4.006532	54	4.108205	132	4.122963	110	4.140425	73	4.15838	108	4.22453	78	4.289034	76	4.310149	86	4.410014	58	4.44454	52	4.521781	148	4.568245	115	4.57402	75	4.674905	74	4.689369	65	4.729549	97	4.749001	50	4.772538	104	4.802258	136	4.998305	145	5.087198	61	5.096088	100
0.22275	148	0.502939	145	0.785417	136	0.793092	112	0.850048	147	0.87642	141	0.878184	110	0.960793	139	1.029835	116	1.036106	137	1.099166	140	1.114968	132	1.159991	128	1.254909	104	1.354968	124	1.434724	144	1.453047	103	1.656048	100	1.679827	120	1.704004	111	1.836496	143	2.001129	108	2.468973	102	2.651991	134	2.737835	109	2.894784	77	2.93602	125	2.96059	129	3.130623	146	3.275218	130	3.294636	133	3.377156	107	3.442345	135	3.443551	119	3.582569	123	3.637962	72	3.764753	52	3.777227	105	3.832363	83	3.872598	122	3.974878	118	4.110643	76	4.179803	126	4.249227	50	4.259038	131	4.276765	117	4.336494	86	4.405706	101	4.409476	142	4.551081	127
0.054967	137	0.43043	103	0.597183	128	0.734762	132	0.823765	147	0.913322	111	0.928726	148	1.029835	115	1.153556	110	1.221586	136	1.36167	104	1.488135	108	1.523312	145	1.586468	112	1.681546	134	1.782074	140	1.787103	100	1.867997	124	1.900027	139	1.901422	141	2.119233	144	2.340897	120	2.352456	143	2.441128	146	2.637455	119	2.758748	133	2.847904	77	2.925537	102	2.98298	123	3.073091	83	3.129198	72	3.233273	129	3.31746	125	3.417105	109	3.53577	101	3.53915	142	3.569825	126	3.61205	114	3.68962	130	3.723579	113	3.777754	52	3.780891	149	3.79067	107	3.881657	127	3.995052	135	4.028412	76	4.095541	121	4.221324	138	4.227255	86	4.271981	50
0.105611	131	0.562434	105	0.570356	122	0.742265	118	0.886524	135	0.961679	107	1.059766	130	1.436663	125	1.614248	129	1.712108	109	1.829878	102	2.448448	143	2.614603	120	2.856574	144	2.944743	124	2.988223	100	3.179136	140	3.387733	104	3.496783	112	3.52449	139	3.599017	136	3.872671	108	4.056914	132	4.148702	148	4.170805	141	4.23404	128	4.241081	145	4.276765	115	4.744376	116	4.793128	137	4.909616	103	5.091574	147	5.152259	110	5.65769	111	6.228022	134	7.154219	77	7.185312	146	7.342798	119	7.476036	133	7.720966	123	7.796164	83	7.838819	72	7.982864	52	8.025909	114	8.148045	101	8.150726	142	8.269014	113	8.311792	126	8.360295	76	8.449868	50
0.277365	122	0.436003	105	0.621383	135	0.742265	117	0.827026	131	1.104297	107	1.160298	130	1.250307	109	1.481523	125	1.699182	102	1.775501	129	2.231013	143	2.298889	120	2.542782	144	2.720541	124	2.886448	140	2.92676	100	3.129038	139	3.181786	112	3.271608	104	3.380957	136	3.7322	141	3.859039	145	3.879223	148	3.933452	108	3.949488	132	3.974878	115	4.131232	128	4.583466	116	4.627724	137	4.807578	103	4.81691	147	4.830542	110	5.487033	111	6.161051	134	6.791215	77	7.008966	146	7.217989	119	7.247648	133	7.51487	123	7.58016	52	7.600614	72	7.656539	83	7.97868	76	8.022845	114	8.033114	50	8.076882	101	8.079886	142	8.111497	126	8.214518	86
0.471693	83	0.541696	146	0.902303	123	1.003943	101	1.008233	142	1.055054	133	1.143482	149	1.208759	134	1.232313	126	1.26053	72	1.290571	113	1.363765	127	1.46227	114	1.562068	121	1.670598	138	1.757289	111	2.038682	70	2.433428	103	2.444336	77	2.491587	56	2.595568	137	2.637455	116	2.648734	147	2.841383	110	2.925188	54	2.980662	76	3.047472	86	3.064733	52	3.068168	51	3.075075	85	3.109032	128	3.114447	63	3.281591	58	3.287269	132	3.343505	91	3.421526	50	3.443551	115	3.45122	148	3.506529	75	3.54377	65	3.549004	73	3.638787	108	3.808078	145	3.822362	78	3.826292	74	3.855467	136	3.962139	104	4.145242	141	4.161629	97	4.166926	112
0.245146	144	0.359724	143	0.51519	124	0.587894	140	0.888225	102	0.8887	112	0.94284	139	1.080427	100	1.082339	109	1.119322	136	1.19166	104	1.380991	125	1.528943	129	1.580862	148	1.617515	141	1.633423	145	1.666611	130	1.679827	115	1.764449	107	1.764549	135	1.807077	132	1.983487	128	2.10102	105	2.160009	108	2.193076	122	2.298889	118	2.340897	116	2.379793	137	2.518284	147	2.546581	110	2.605319	131	2.614603	117	2.627679	103	3.22179	111	3.989982	134	4.540111	77	4.730239	146	4.9506	133	4.972713	119	5.222601	123	5.302183	72	5.371477	52	5.39722	83	5.745765	76	5.820027	126	5.842216	50	5.874796	101	5.878113	142	5.905131	114	5.977185	86
0.424112	113	0.563201	142	0.567048	101	0.752693	149	0.85734	114	1.31641	83	1.372126	138	1.387149	127	1.449094	70	1.562068	119	1.728651	126	1.968755	123	2.02246	146	2.256295	72	2.293374	133	2.460876	134	2.503306	85	2.670831	56	2.938819	63	3.119295	91	3.26932	111	3.367373	51	3.372051	73	3.407772	78	3.458291	54	3.758419	77	3.819272	103	3.877098	58	3.883772	86	3.907096	76	3.94348	97	3.985382	74	3.997484	75	4.060242	137	4.095541	116	4.142896	52	4.159463	65	4.19994	147	4.2329	61	4.37333	50	4.402482	110	4.492083	128	4.529106	66	4.674052	132	4.791023	55	4.796218	71	4.84206	108	4.960712	148	4.972481	115	5.016914	95
0.163156	105	0.277365	118	0.436945	135	0.570356	117	0.632343	131	0.841588	107	0.905914	130	1.200917	109	1.246867	125	1.516785	102	1.523358	129	2.086014	143	2.193076	120	2.438215	144	2.582361	124	2.737022	100	2.775614	140	3.063729	139	3.081645	112	3.100295	104	3.244455	136	3.689544	141	3.716251	108	3.763903	148	3.778417	132	3.790338	145	3.872598	115	3.959364	128	4.431526	116	4.477399	137	4.637394	103	4.706254	147	4.738568	110	5.340379	111	5.982905	134	6.719476	77	6.866473	146	7.058857	119	7.123583	133	7.38316	123	7.480461	72	7.502601	83	7.52655	52	7.828758	114	7.90214	101	7.905051	142	7.916034	76	7.978315	126	7.986216	50	8.042798	113
0.347896	133	0.36227	72	0.597797	126	0.604048	146	0.714759	83	0.902303	119	0.992009	127	1.269287	149	1.332657	138	1.536773	101	1.541171	142	1.706868	56	1.732575	70	1.790261	77	1.870229	113	1.935966	134	1.968755	121	2.031761	54	2.073752	111	2.107829	76	2.157301	86	2.198513	114	2.213749	51	2.246458	52	2.380472	58	2.417849	63	2.560744	50	2.569355	85	2.611372	75	2.641567	65	2.650794	91	2.734614	147	2.824355	110	2.825031	73	2.898474	103	2.932415	137	2.98298	116	2.984325	74	3.182363	78	3.426173	97	3.534807	128	3.582569	115	3.645482	148	3.699542	132	3.852013	145	4.138706	136	4.141764	141	4.16774	87	4.180671	68	4.212321	108
0.351739	140	0.382077	144	0.498263	143	0.51519	120	0.650224	112	0.658759	100	0.662124	136	0.679293	104	0.924688	139	1.120388	102	1.207573	148	1.296701	132	1.354968	115	1.45598	145	1.475032	128	1.555811	109	1.560503	141	1.58111	125	1.620884	129	1.676243	108	1.867997	116	1.910535	137	1.9244	130	2.026686	107	2.129641	103	2.145723	135	2.14797	147	2.23197	110	2.471259	105	2.582361	122	2.720541	118	2.766907	111	2.920324	131	2.944743	117	3.493754	134	4.249697	77	4.288634	146	4.505449	119	4.54294	133	4.800815	123	4.901942	72	4.938918	83	5.115719	52	5.390145	101	5.393364	142	5.39615	126	5.40165	114	5.465575	76	5.560043	113	5.597417	50
0.347464	129	0.37717	130	0.475441	107	0.492911	102	0.872175	135	1.049408	109	1.093327	105	1.113016	143	1.246867	122	1.380991	120	1.390834	131	1.436663	117	1.481523	118	1.551682	100	1.58111	124	1.594195	144	1.868653	140	1.956863	104	2.194185	112	2.209604	136	2.32199	139	2.474649	108	2.621878	132	2.783912	148	2.798239	128	2.93602	115	2.98669	145	2.997935	141	3.31746	116	3.367257	137	3.473181	103	3.71637	147	3.812994	110	4.230279	111	4.793541	134	5.75626	146	5.830792	77	5.90652	119	6.062654	133	6.299093	123	6.36077	83	6.428559	72	6.608311	114	6.693107	52	6.714191	101	6.716917	142	6.840127	113	6.887249	126	7.041618	149	7.046467	76
0.453868	127	0.597797	123	0.650862	72	0.766294	138	0.826631	83	0.904508	133	0.975961	149	1.144426	146	1.15628	70	1.232313	119	1.263504	56	1.447838	101	1.451444	142	1.728651	121	1.76216	113	1.824541	54	1.876903	51	1.895209	63	1.97793	85	2.126777	91	2.161356	86	2.17845	76	2.181447	77	2.185854	114	2.224393	58	2.323033	73	2.398457	75	2.403276	134	2.428889	52	2.503519	65	2.615536	74	2.632723	78	2.644695	50	2.657692	111	2.934206	97	3.331345	147	3.413606	110	3.465473	103	3.520034	137	3.569825	116	3.793049	87	3.802473	61	3.815512	68	3.904062	66	4.112604	128	4.166067	55	4.179803	115	4.24324	148	4.280156	132	4.403676	84
0.345304	138	0.453868	126	0.663803	149	0.746996	70	0.895059	83	0.992009	123	1.10337	72	1.235914	101	1.238538	142	1.326616	133	1.340525	56	1.363765	119	1.387149	121	1.442511	146	1.510101	113	1.712777	85	1.809857	63	1.979118	114	2.021459	51	2.029706	91	2.073458	54	2.255527	73	2.47348	78	2.490902	58	2.514775	86	2.558964	76	2.572444	134	2.621705	75	2.634524	77	2.701446	74	2.773281	65	2.843185	52	2.866199	97	2.969523	111	3.022509	50	3.56917	61	3.707867	147	3.725797	66	3.738251	103	3.812175	110	3.834131	137	3.849772	87	3.881412	68	3.881657	116	3.991553	55	4.257617	84	4.348625	71	4.392505	95	4.40118	128	4.472962	96
0.181988	132	0.597183	116	0.652128	137	0.678236	103	0.859791	104	0.923695	136	0.934029	108	0.965574	148	1.159991	115	1.247605	100	1.336895	147	1.399497	112	1.464227	111	1.475032	124	1.493117	140	1.624419	110	1.646876	145	1.785387	139	1.792979	144	1.920144	143	1.983487	120	1.997235	141	2.032309	134	2.442692	102	2.684515	129	2.798239	125	2.972281	146	3.022773	109	3.109032	119	3.174467	130	3.273671	107	3.328342	133	3.435854	77	3.52665	135	3.534807	123	3.562569	83	3.700778	72	3.829015	105	3.927901	114	3.94565	101	3.948655	142	3.959364	122	4.099796	113	4.112604	126	4.131232	118	4.18879	131	4.23404	117	4.246772	149	4.363838	52	4.40118	127
0.347464	125	0.617446	130	0.684054	102	0.68941	107	1.186993	135	1.209755	143	1.362813	105	1.380249	109	1.44618	100	1.523358	122	1.528943	120	1.55013	131	1.614248	117	1.620884	124	1.712656	144	1.775501	118	1.87777	104	1.942459	140	2.200318	136	2.258606	108	2.26304	112	2.445969	139	2.51508	132	2.684515	128	2.789927	148	2.96059	115	3.068338	145	3.120751	141	3.233273	116	3.285185	137	3.348494	103	3.701264	147	3.828122	110	4.139574	111	4.637558	134	5.65649	146	5.776957	119	5.84454	77	5.991296	133	6.213314	123	6.237338	83	6.360715	72	6.414044	114	6.553367	101	6.555921	142	6.66514	113	6.72497	52	6.795207	126	6.903677	149	7.062189	76
0.102467	107	0.37717	125	0.596228	135	0.617446	129	0.74563	105	0.806388	102	0.905914	122	1.016246	131	1.059766	117	1.075331	109	1.160298	118	1.439664	143	1.666611	120	1.895155	144	1.9244	124	1.928461	100	2.191765	140	2.330434	104	2.51627	112	2.565743	136	2.607453	139	2.840864	108	2.997656	132	3.131673	148	3.174467	128	3.275218	115	3.277879	141	3.295056	145	3.68962	116	3.738995	137	3.849857	103	4.069321	147	4.153387	110	4.602796	111	5.170553	134	6.129571	146	6.168147	77	6.283084	119	6.430215	133	6.669735	123	6.736823	83	6.795084	72	6.981621	114	7.020379	52	7.091127	101	7.093845	142	7.216102	113	7.258921	126	7.38161	76	7.418542	149
0.105611	117	0.598876	105	0.632343	122	0.827026	118	0.905958	135	0.91575	107	1.016246	130	1.390834	125	1.55013	129	1.733636	109	1.80163	102	2.426101	143	2.605319	120	2.845595	144	2.920324	124	2.941627	100	3.163497	140	3.346642	104	3.483228	112	3.523249	139	3.571065	136	3.808224	108	4.012681	132	4.126517	148	4.174836	141	4.18879	128	4.235746	145	4.259038	115	4.705743	116	4.75501	137	4.862959	103	5.068256	147	5.135844	110	5.618965	111	6.175249	134	7.141963	77	7.145816	146	7.296384	119	7.443478	133	7.68513	123	7.751358	83	7.807391	72	7.964137	114	7.976439	52	8.094342	101	8.096982	142	8.211888	113	8.274782	126	8.350204	76	8.430151	149
0.181988	128	0.678341	104	0.734762	116	0.769326	136	0.789152	137	0.858989	103	0.901831	108	0.905027	148	1.073402	100	1.114968	115	1.258409	112	1.296701	124	1.329471	140	1.410334	147	1.581759	145	1.621147	144	1.626266	111	1.654435	139	1.674109	110	1.73846	143	1.807077	120	1.917107	141	2.214289	134	2.261902	102	2.51508	129	2.621878	125	2.842024	109	2.997656	130	3.097209	107	3.141894	146	3.287269	119	3.345409	135	3.486452	133	3.542135	77	3.648632	105	3.699542	123	3.73925	83	3.778417	122	3.858111	72	3.949488	118	4.012681	131	4.056914	117	4.108205	114	4.127416	101	4.130428	142	4.280156	126	4.281738	113	4.426011	149	4.466607	52	4.573888	127
0.347896	123	0.373341	72	0.589644	146	0.904508	126	0.999966	83	1.055054	119	1.326616	127	1.470199	77	1.610447	149	1.661681	138	1.832789	101	1.837286	142	1.854344	56	1.865391	111	1.90077	134	1.934952	76	2.011406	52	2.019431	86	2.020291	54	2.057879	70	2.163912	113	2.27499	51	2.293374	121	2.326922	58	2.369179	50	2.444599	147	2.45404	114	2.512103	110	2.570692	65	2.585409	75	2.606195	63	2.706394	137	2.716567	103	2.758748	116	2.835335	85	2.837218	91	2.99047	73	3.049467	74	3.294636	115	3.328342	128	3.369993	148	3.388381	78	3.486452	132	3.542596	145	3.577005	97	3.822663	141	3.882045	136	4.054265	108	4.079952	112	4.115518	104
1.039182	111	1.208759	119	1.340956	146	1.364141	103	1.654916	137	1.679488	83	1.681546	116	1.90077	133	1.920959	101	1.923741	142	1.93051	114	1.935966	123	2.020952	147	2.032309	128	2.067837	113	2.214289	132	2.23407	72	2.281733	149	2.317647	110	2.403276	126	2.448864	108	2.460876	121	2.572444	127	2.594614	148	2.651991	115	2.852363	77	2.876564	138	2.879141	136	2.890262	104	3.10157	145	3.235622	70	3.249361	100	3.26794	112	3.451368	140	3.472918	141	3.493754	124	3.572831	139	3.631804	56	3.681585	52	3.737231	76	3.779977	144	3.86367	86	3.920178	54	3.951444	143	3.989982	120	4.120732	50	4.14542	51	4.223301	58	4.283679	85	4.298399	63
0.338532	105	0.436945	122	0.574252	107	0.596228	130	0.621383	118	0.827731	109	0.872175	125	0.886524	117	0.905958	131	1.085911	102	1.186993	129	1.649135	143	1.764549	120	2.009413	144	2.145723	124	2.31118	100	2.34403	140	2.651864	139	2.653092	112	2.667087	104	2.807769	136	3.290045	141	3.312122	108	3.330176	148	3.345409	132	3.374619	145	3.442345	115	3.52665	128	3.995052	116	4.04079	137	4.204362	103	4.273138	147	4.311129	110	4.903589	111	5.552761	134	6.299188	77	6.429566	146	6.623608	119	6.68757	133	6.946443	123	7.044939	72	7.066587	83	7.115078	52	7.406504	114	7.470977	101	7.47392	142	7.499569	76	7.541504	126	7.578343	50	7.614716	113
0.500945	112	0.506725	104	0.57677	140	0.593518	148	0.662124	124	0.769326	132	0.785417	115	0.87377	100	0.901223	144	0.909871	139	0.923695	128	1.068585	145	1.119322	120	1.159249	143	1.221586	116	1.260875	137	1.317487	141	1.454998	108	1.507399	147	1.523837	103	1.631295	110	1.769655	102	2.109546	111	2.19688	109	2.200318	129	2.209604	125	2.565743	130	2.668202	107	2.807769	135	2.879141	134	3.132506	105	3.244455	122	3.380957	118	3.571065	131	3.599017	117	3.628126	146	3.644738	77	3.855467	119	3.882045	133	4.138706	123	4.242148	72	4.284038	83	4.531635	52	4.734033	126	4.756013	101	4.75935	142	4.802258	114	4.862369	76	4.937353	113	4.998241	149
0.054967	116	0.440956	103	0.652128	128	0.783674	147	0.789152	132	0.864891	111	0.945971	148	1.036106	115	1.117539	110	1.260875	136	1.412247	104	1.524871	145	1.540271	108	1.615116	112	1.654916	134	1.817492	140	1.839097	100	1.903433	141	1.910535	124	1.921097	139	2.156313	144	2.379793	120	2.392988	146	2.396784	143	2.595568	119	2.706394	133	2.794326	77	2.932415	123	2.972908	102	3.028981	83	3.076578	72	3.285185	129	3.367257	125	3.457443	109	3.499507	101	3.502923	142	3.520034	126	3.585143	114	3.690558	113	3.72435	52	3.738814	149	3.738995	130	3.834131	127	3.840152	107	3.973952	76	4.04079	135	4.060242	121	4.172579	86	4.174221	138	4.218492	50
0.345304	127	0.401785	70	0.763037	149	0.766294	126	1.198969	83	1.302186	56	1.332657	123	1.363633	101	1.365267	142	1.372126	121	1.413243	72	1.413502	85	1.586528	113	1.624817	63	1.661681	133	1.670598	119	1.784799	146	1.829811	91	1.99976	51	2.070495	73	2.078066	114	2.133704	54	2.22449	78	2.556104	58	2.617693	74	2.647822	75	2.65925	86	2.670314	97	2.730839	76	2.83636	65	2.876564	134	2.919721	77	3.052236	52	3.18651	50	3.270948	61	3.310095	111	3.455287	66	3.721832	55	3.729823	87	3.767876	68	4.002568	84	4.025908	71	4.05308	147	4.069843	103	4.092597	95	4.155506	110	4.174221	137	4.178734	96	4.221324	116	4.340926	88
0.411288	112	0.577367	140	0.676658	141	0.730152	145	0.733797	144	0.909871	136	0.924688	124	0.94284	120	0.960793	115	0.978451	148	1.236304	143	1.336963	104	1.532698	100	1.654435	132	1.732698	110	1.785387	128	1.792937	147	1.829135	102	1.878805	109	1.900027	116	1.921097	137	2.285287	103	2.32199	125	2.351837	108	2.445969	129	2.607453	130	2.651864	135	2.659061	111	2.704264	107	2.990287	105	3.063729	122	3.129038	118	3.523249	131	3.52449	117	3.572831	134	3.662178	77	4.08767	146	4.226865	133	4.403915	119	4.463608	52	4.524947	123	4.560029	72	4.79255	83	4.853017	76	4.926685	50	5.087808	86	5.120443	126	5.361951	101	5.365672	142	5.500209	114
0.325546	112	0.347086	144	0.351739	124	0.57677	136	0.577367	139	0.587894	120	0.7558	143	0.841218	104	0.96401	100	0.992977	148	1.099166	115	1.126131	145	1.209812	141	1.329471	132	1.387152	102	1.493117	128	1.66621	109	1.782074	116	1.817492	137	1.868653	125	1.876278	108	1.931712	147	1.942459	129	1.973129	110	2.099762	103	2.191765	130	2.292781	107	2.34403	135	2.646305	111	2.678333	105	2.775614	122	2.886448	118	3.163497	131	3.179136	117	3.451368	134	3.97999	77	4.14747	146	4.362743	133	4.401385	119	4.635646	123	4.714353	72	4.820438	83	4.828803	52	5.191355	76	5.233198	126	5.305781	50	5.316994	101	5.320413	142	5.376841	114	5.420374	86
0.378646	145	0.676658	139	0.87642	115	0.933242	112	1.03593	148	1.209812	140	1.317487	136	1.323153	110	1.409946	144	1.50215	147	1.560503	124	1.617515	120	1.816485	104	1.901422	116	1.903433	137	1.911087	143	1.917107	132	1.997235	128	2.104917	100	2.327773	103	2.47303	111	2.490947	109	2.505025	102	2.744931	108	2.997935	125	3.092492	77	3.120751	129	3.277879	130	3.290045	135	3.37356	107	3.472918	134	3.626946	105	3.689544	122	3.7322	118	3.767042	146	3.822663	133	3.849621	52	4.131641	72	4.141764	123	4.145242	119	4.170805	117	4.174836	131	4.256524	76	4.300978	50	4.493238	83	4.494373	86	4.726689	126	5.08276	54	5.10571	58	5.131765	127
0.004547	101	0.329149	113	0.563201	121	0.602618	149	0.743352	114	0.837321	83	1.008233	119	1.238538	127	1.365267	138	1.451444	126	1.495326	146	1.541171	123	1.586604	70	1.837286	133	1.867595	72	1.923741	134	2.57904	56	2.694488	85	2.706615	111	2.989958	63	3.194258	91	3.25612	51	3.266565	54	3.273137	103	3.3063	77	3.435762	73	3.502923	137	3.53915	116	3.561994	78	3.588818	76	3.595999	86	3.637642	147	3.672658	58	3.77579	52	3.832062	75	3.843769	110	3.938527	74	3.948655	128	3.952903	65	4.03425	97	4.05261	50	4.130428	132	4.337734	108	4.399053	148	4.409476	115	4.507173	61	4.752771	66	4.75935	136	4.794466	145	4.808325	104
0.359724	120	0.498263	124	0.503871	144	0.633381	102	0.7558	140	0.840023	100	1.072098	104	1.081343	112	1.111502	109	1.113016	125	1.159249	136	1.209755	129	1.236304	139	1.439664	130	1.54132	107	1.649135	135	1.700567	148	1.73846	132	1.836496	115	1.875564	145	1.911087	141	1.920144	128	1.943563	108	1.973306	105	2.086014	122	2.231013	118	2.352456	116	2.396784	137	2.426101	131	2.448448	117	2.589699	103	2.643131	147	2.714617	110	3.257222	111	3.951444	134	4.728498	77	4.781629	146	4.98782	119	5.040956	133	5.297518	123	5.400176	72	5.425526	83	5.583251	52	5.84347	114	5.858598	101	5.861718	142	5.892407	126	5.942053	76	6.01927	113	6.061097	50
0.245146	120	0.347086	140	0.382077	124	0.503871	143	0.643688	112	0.733797	139	0.901223	136	1.026744	100	1.048139	104	1.102658	102	1.319136	109	1.338552	148	1.399946	145	1.409946	141	1.434724	115	1.594195	125	1.621147	132	1.712656	129	1.792979	128	1.895155	130	1.994331	107	2.009413	135	2.057608	108	2.119233	116	2.156313	137	2.274129	147	2.301785	110	2.345619	105	2.42178	103	2.438215	122	2.542782	118	2.845595	131	2.856574	117	2.990967	111	3.779977	134	4.297648	77	4.494306	146	4.708538	133	4.744783	119	4.982451	123	5.059215	72	5.133029	52	5.165756	83	5.504639	76	5.580046	126	5.605416	50	5.65499	101	5.658365	142	5.701113	114	5.735562	86
0.378646	141	0.502939	115	0.681458	148	0.730152	139	0.806579	112	1.030968	110	1.068585	136	1.126131	140	1.159418	147	1.399946	144	1.45598	124	1.523312	116	1.524871	137	1.575094	104	1.581759	132	1.633423	120	1.646876	128	1.875564	143	1.915529	100	1.950423	103	2.112012	111	2.439636	108	2.498619	102	2.608748	109	2.932243	77	2.98669	125	3.068338	129	3.10157	134	3.295056	130	3.374619	135	3.394273	107	3.449793	146	3.542596	133	3.713142	105	3.741876	52	3.790338	122	3.808078	119	3.852013	123	3.859039	118	3.865162	72	4.12576	76	4.169916	83	4.209801	50	4.235746	131	4.241081	117	4.359839	86	4.443091	126	4.790526	101	4.794466	142	4.837168	127
0.541696	119	0.589644	133	0.604048	123	0.733091	83	0.895096	72	1.144426	126	1.340956	134	1.442511	127	1.465782	149	1.490826	101	1.495326	142	1.528099	111	1.784799	138	1.800278	113	1.905176	77	2.003013	114	2.02246	121	2.182876	70	2.299567	147	2.310883	56	2.321329	103	2.392988	137	2.441128	116	2.44578	110	2.516642	76	2.560371	52	2.588236	54	2.607834	86	2.804716	51	2.909385	58	2.942031	50	2.972281	128	3.014287	63	3.114704	85	3.130623	115	3.141894	132	3.15708	65	3.160311	75	3.168713	148	3.24724	91	3.42623	73	3.449793	145	3.577968	74	3.618861	108	3.628126	136	3.767042	141	3.769922	78	3.799412	104	3.888873	112	4.029032	97
0.346128	110	0.783674	137	0.823765	116	0.850048	115	0.943707	148	0.989679	111	1.159418	145	1.183887	103	1.336895	128	1.410334	132	1.50215	141	1.507399	136	1.638428	112	1.792937	139	1.862383	104	1.931712	140	2.020952	134	2.14797	124	2.165094	77	2.269202	108	2.274129	144	2.299567	146	2.301542	100	2.444599	133	2.518284	120	2.643131	143	2.648734	119	2.734614	123	2.788711	72	3.014051	83	3.076873	52	3.267897	102	3.331345	126	3.378062	76	3.570673	50	3.584876	109	3.593445	86	3.633661	101	3.637642	142	3.701264	129	3.707867	127	3.71637	125	3.750503	149	3.870192	114	3.877327	113	4.03003	54	4.05308	138	4.069321	130	4.154829	58	4.171768	107
0.22275	115	0.593518	136	0.681458	145	0.72024	112	0.905027	132	0.928726	116	0.943707	147	0.945971	137	0.965574	128	0.978451	139	0.992977	140	1.03593	141	1.038641	110	1.041438	104	1.207573	124	1.333161	103	1.338552	144	1.452551	100	1.580862	120	1.696141	111	1.700567	143	1.783051	108	2.327908	102	2.594614	134	2.656016	109	2.783912	125	2.789927	129	3.054899	77	3.131673	130	3.168713	146	3.234016	107	3.330176	135	3.369993	133	3.45122	119	3.645482	123	3.661895	105	3.721426	72	3.763903	122	3.855602	83	3.879223	118	3.938472	52	4.126517	131	4.148702	117	4.24324	126	4.272483	76	4.395415	101	4.399053	142	4.42607	50	4.49521	86	4.521781	114
0.600879	101	0.602618	142	0.663803	127	0.73701	83	0.752693	121	0.763037	138	0.848724	113	0.975961	126	1.014962	70	1.143482	119	1.269287	123	1.327884	114	1.465782	146	1.524922	72	1.610447	133	1.996173	56	2.121501	85	2.281733	134	2.387446	63	2.592685	91	2.68278	51	2.732148	54	2.833406	73	2.895436	111	2.971845	78	3.05223	77	3.132831	86	3.147044	58	3.154403	76	3.284587	75	3.347465	74	3.394943	52	3.429208	65	3.433027	97	3.569406	103	3.620637	50	3.738814	137	3.750503	147	3.780891	116	3.910426	110	3.957929	61	4.17986	66	4.246772	128	4.426011	132	4.44627	55	4.479433	87	4.514787	68	4.565561	115	4.583816	148	4.64642	71
