0.1	17	0.141421	28	0.141421	4	0.141421	27	0.141421	39	0.173205	7	0.173205	40	0.223607	49	0.3	21	0.3	48	0.316228	26	0.331662	19	0.360555	46	0.374166	35	0.374166	10	0.374166	11	0.387298	31	0.412311	36	0.43589	20	0.458258	43	0.469042	23	0.469042	37	0.469042	9	0.469042	34	0.509902	2	0.519615	6	0.538516	29	0.538516	30	0.538516	1	0.547723	25	0.547723	16	0.583095	47	0.591608	24	0.591608	45	0.591608	12	0.616441	5	0.616441	44	0.6245	32	0.648074	22	0.648074	3	0.74162	18	0.768115	42	0.806226	33	0.866025	38	0.883176	14	0.921954	8	0.994987	13	1.104536	15	1.349074	41	2.090454	98
0.141421	45	0.141421	12	0.173205	37	0.173205	9	0.173205	34	0.223607	25	0.244949	30	0.3	35	0.3	2	0.316228	49	0.331662	3	0.34641	29	0.360555	47	0.424264	7	0.458258	11	0.458258	39	0.5	28	0.5	26	0.509902	38	0.509902	8	0.509902	6	0.52915	40	0.538516	0	0.547723	42	0.547723	17	0.556776	23	0.591608	27	0.608276	4	0.648074	24	0.678233	31	0.678233	43	0.678233	13	0.707107	20	0.761577	21	0.781025	22	0.787401	36	0.812404	48	0.818535	41	0.83666	19	0.848528	46	0.866025	10	0.984886	44	1.053565	16	1.090871	5	1.148913	32	1.174734	18	1.341641	33	1.360147	14	1.627882	15	1.913113	98
0.141421	47	0.244949	3	0.264575	6	0.264575	12	0.264575	45	0.3	42	0.3	1	0.3	29	0.316228	35	0.316228	37	0.316228	34	0.316228	9	0.331662	30	0.331662	49	0.360555	38	0.374166	11	0.412311	7	0.43589	40	0.43589	8	0.469042	25	0.489898	39	0.5	13	0.509902	22	0.509902	26	0.509902	4	0.509902	0	0.519615	17	0.547723	28	0.616441	27	0.640312	24	0.648074	23	0.655744	43	0.7	21	0.754983	19	0.781025	31	0.781025	46	0.806226	48	0.830662	20	0.8544	36	0.883176	10	0.927362	41	0.959166	44	1.00995	16	1.053565	32	1.086278	5	1.236932	18	1.284523	33	1.363818	14	1.587451	15	2.085665	98
0.141421	47	0.173205	29	0.223607	30	0.244949	2	0.264575	12	0.264575	45	0.3	8	0.3	38	0.3	42	0.316228	9	0.316228	37	0.316228	34	0.331662	6	0.331662	1	0.374166	11	0.424264	25	0.458258	49	0.5	7	0.509902	35	0.519615	13	0.538516	24	0.547723	26	0.583095	39	0.608276	40	0.648074	23	0.648074	0	0.648074	4	0.655744	17	0.678233	28	0.7	43	0.707107	22	0.72111	27	0.806226	21	0.83666	41	0.866025	19	0.866025	46	0.877496	20	0.877496	31	0.921954	48	0.969536	44	1.0	10	1.004988	36	1.16619	16	1.16619	5	1.17047	32	1.322876	18	1.424781	33	1.529706	14	1.714643	15	1.915724	98
0.141421	0	0.173205	40	0.173205	17	0.223607	7	0.244949	27	0.244949	39	0.264575	19	0.264575	21	0.282843	28	0.3	46	0.3	49	0.331662	48	0.34641	26	0.34641	11	0.424264	10	0.447214	35	0.458258	6	0.458258	43	0.5	31	0.509902	2	0.519615	36	0.52915	23	0.52915	34	0.52915	37	0.52915	9	0.538516	20	0.538516	29	0.547723	16	0.556776	32	0.565685	47	0.565685	22	0.574456	30	0.574456	24	0.583095	44	0.608276	1	0.616441	5	0.632456	25	0.640312	12	0.640312	45	0.648074	3	0.728011	42	0.781025	33	0.793725	18	0.8544	38	0.916515	14	0.921954	8	0.974679	13	1.086278	15	1.4	41	2.142429	98
0.331662	18	0.34641	10	0.360555	48	0.374166	44	0.387298	19	0.387298	46	0.4	16	0.412311	21	0.458258	32	0.479583	33	0.52915	27	0.538516	31	0.538516	20	0.591608	17	0.608276	43	0.608276	36	0.616441	15	0.616441	0	0.616441	4	0.648074	26	0.648074	28	0.648074	39	0.678233	23	0.678233	14	0.7	7	0.7	40	0.806226	49	0.812404	11	0.830662	24	0.969536	35	0.994987	6	1.00995	25	1.00995	34	1.00995	9	1.00995	37	1.014889	29	1.024695	30	1.086278	2	1.090871	1	1.122497	47	1.122497	22	1.126943	45	1.161895	12	1.16619	3	1.3	42	1.417745	38	1.459452	8	1.571623	13	1.881489	41	2.056696	98
0.223607	47	0.264575	2	0.3	11	0.316228	42	0.316228	29	0.331662	3	0.424264	7	0.424264	49	0.424264	40	0.424264	30	0.447214	45	0.458258	4	0.458258	22	0.458258	26	0.469042	38	0.479583	9	0.479583	34	0.479583	37	0.489898	12	0.5	35	0.509902	17	0.509902	1	0.519615	39	0.519615	0	0.547723	43	0.547723	24	0.547723	8	0.6	21	0.608276	25	0.608276	28	0.616441	13	0.6245	27	0.6245	23	0.648074	19	0.678233	46	0.774597	48	0.812404	31	0.818535	44	0.860233	20	0.866025	10	0.916515	36	0.948683	32	0.953939	16	0.994987	5	1.109054	41	1.208305	18	1.208305	33	1.360147	14	1.493318	15	2.063977	98
0.1	39	0.141421	49	0.173205	0	0.2	17	0.223607	28	0.223607	4	0.223607	27	0.223607	26	0.223607	11	0.244949	40	0.331662	9	0.331662	37	0.331662	34	0.360555	35	0.374166	21	0.374166	29	0.374166	30	0.387298	23	0.412311	2	0.412311	25	0.424264	19	0.424264	46	0.424264	1	0.424264	6	0.424264	48	0.424264	43	0.447214	24	0.447214	31	0.447214	20	0.458258	47	0.469042	45	0.469042	12	0.5	10	0.5	3	0.547723	36	0.608276	44	0.663325	42	0.67082	22	0.7	5	0.7	16	0.734847	32	0.748331	38	0.787401	8	0.83666	18	0.905539	13	0.948683	33	1.044031	14	1.228821	41	1.236932	15	1.969772	98
0.141421	38	0.3	3	0.316228	42	0.34641	13	0.360555	47	0.424264	12	0.424264	45	0.43589	2	0.469042	29	0.489898	30	0.509902	1	0.547723	6	0.556776	37	0.556776	34	0.556776	9	0.6245	41	0.640312	25	0.67082	11	0.7	35	0.72111	49	0.787401	7	0.812404	24	0.830662	26	0.830662	22	0.860233	40	0.866025	39	0.911043	23	0.921954	0	0.921954	4	0.927362	17	0.943398	28	0.959166	43	1.004988	27	1.086278	21	1.140175	31	1.148913	19	1.157584	20	1.157584	46	1.208305	48	1.256981	36	1.260952	44	1.284523	10	1.431782	16	1.449138	32	1.459452	5	1.612452	18	1.702939	33	1.791647	14	1.997498	15	2.004994	98
0.0	34	0.0	37	0.173205	30	0.173205	12	0.173205	1	0.2	25	0.264575	49	0.264575	29	0.264575	45	0.316228	3	0.316228	2	0.331662	7	0.34641	47	0.34641	35	0.34641	11	0.374166	39	0.447214	28	0.447214	26	0.469042	0	0.479583	6	0.5	40	0.5	17	0.509902	27	0.519615	24	0.52915	23	0.52915	4	0.556776	42	0.556776	38	0.556776	8	0.6245	20	0.655744	31	0.655744	43	0.7	21	0.728011	48	0.728011	13	0.74162	46	0.754983	36	0.754983	19	0.774597	22	0.787401	10	0.883176	44	0.938083	41	1.00995	16	1.00995	5	1.044031	32	1.1	18	1.260952	33	1.311488	14	1.555635	15	1.910497	98
0.1	48	0.282843	27	0.3	36	0.331662	46	0.331662	19	0.34641	16	0.34641	5	0.360555	31	0.360555	20	0.360555	21	0.374166	0	0.374166	28	0.387298	17	0.387298	18	0.424264	4	0.424264	39	0.458258	32	0.5	40	0.5	7	0.519615	33	0.547723	26	0.547723	44	0.574456	49	0.583095	14	0.608276	43	0.616441	23	0.678233	11	0.707107	35	0.781025	24	0.787401	37	0.787401	9	0.787401	15	0.787401	34	0.812404	25	0.8544	30	0.866025	1	0.866025	29	0.866025	6	0.883176	2	0.932738	45	0.932738	12	0.948683	22	0.948683	47	1.0	3	1.135782	42	1.236932	38	1.284523	8	1.367479	13	1.679286	41	2.142429	98
0.223607	7	0.223607	29	0.282843	26	0.3	30	0.3	49	0.3	6	0.3	24	0.316228	39	0.34641	47	0.34641	34	0.34641	9	0.34641	37	0.34641	4	0.374166	0	0.374166	3	0.374166	2	0.387298	40	0.387298	17	0.424264	27	0.447214	23	0.447214	28	0.447214	25	0.458258	12	0.458258	45	0.458258	43	0.458258	1	0.479583	21	0.489898	35	0.5	46	0.519615	19	0.538516	42	0.591608	48	0.608276	20	0.616441	44	0.640312	31	0.640312	38	0.663325	22	0.67082	8	0.678233	10	0.768115	36	0.812404	5	0.818535	13	0.818535	32	0.860233	16	0.994987	18	1.081665	33	1.183216	41	1.232883	14	1.363818	15	1.915724	98
0.141421	1	0.173205	37	0.173205	34	0.173205	9	0.2	45	0.244949	30	0.264575	2	0.264575	3	0.3	47	0.3	25	0.316228	29	0.360555	35	0.374166	49	0.424264	38	0.424264	8	0.458258	11	0.469042	7	0.469042	42	0.489898	6	0.519615	39	0.574456	28	0.574456	26	0.583095	40	0.583095	13	0.591608	0	0.616441	17	0.640312	4	0.648074	24	0.655744	23	0.655744	27	0.754983	22	0.761577	43	0.787401	31	0.787401	20	0.793725	41	0.824621	21	0.87178	48	0.87178	36	0.883176	46	0.883176	19	0.932738	10	1.034408	44	1.126943	16	1.161895	5	1.174734	32	1.256981	18	1.392839	33	1.431782	14	1.694107	15	1.974842	98
0.244949	38	0.316228	42	0.34641	8	0.479583	47	0.5	2	0.519615	3	0.583095	12	0.616441	6	0.616441	45	0.678233	29	0.678233	1	0.685565	22	0.72111	30	0.728011	9	0.728011	37	0.728011	34	0.74162	35	0.781025	41	0.818535	11	0.824621	49	0.866025	25	0.905539	40	0.905539	7	0.974679	4	0.984886	39	0.994987	26	0.994987	0	1.00995	17	1.029563	24	1.034408	28	1.109054	27	1.113553	43	1.118034	23	1.174734	21	1.216553	19	1.240967	46	1.272792	31	1.28841	48	1.319091	36	1.319091	20	1.367479	10	1.417745	44	1.466288	16	1.476482	32	1.571623	5	1.726268	33	1.732051	18	1.808314	14	2.042058	15	2.345208	98
0.412311	33	0.469042	16	0.547723	15	0.556776	18	0.583095	10	0.591608	36	0.655744	48	0.678233	5	0.685565	32	0.793725	19	0.806226	31	0.830662	46	0.83666	27	0.842615	21	0.87178	28	0.877496	20	0.883176	0	0.888819	17	0.916515	4	0.953939	40	0.969536	39	1.029563	44	1.044031	7	1.081665	49	1.095445	26	1.1	43	1.131371	35	1.148913	23	1.232883	11	1.280625	22	1.311488	34	1.311488	37	1.311488	9	1.341641	25	1.360147	1	1.360147	24	1.360147	6	1.363818	2	1.403567	30	1.417745	29	1.431782	12	1.431782	45	1.456022	47	1.529706	3	1.615549	42	1.723369	38	1.791647	8	1.808314	13	2.144761	41	2.605763	98
0.360555	33	0.547723	14	0.616441	5	0.616441	16	0.640312	18	0.655744	32	0.787401	10	0.830662	48	0.8544	19	0.877496	46	0.921954	21	0.938083	44	0.964365	36	1.044031	31	1.048809	27	1.081665	20	1.086278	4	1.090871	17	1.104536	0	1.140175	28	1.161895	43	1.161895	40	1.183216	39	1.224745	26	1.236932	7	1.272792	23	1.322876	49	1.363818	11	1.417745	24	1.43527	35	1.462874	22	1.493318	6	1.555635	37	1.555635	34	1.555635	9	1.577973	29	1.581139	25	1.587451	2	1.596872	30	1.627882	1	1.643168	47	1.670329	45	1.694107	12	1.714643	3	1.791647	42	1.931321	38	1.997498	8	2.042058	13	2.428992	41	2.590367	98
0.34641	10	0.360555	48	0.387298	33	0.387298	19	0.4	5	0.412311	21	0.458258	32	0.458258	36	0.469042	14	0.479583	46	0.519615	18	0.519615	17	0.52915	27	0.538516	31	0.547723	0	0.547723	4	0.574456	40	0.583095	28	0.616441	15	0.648074	39	0.67082	20	0.67082	43	0.678233	44	0.7	7	0.707107	26	0.754983	49	0.787401	23	0.83666	35	0.860233	11	0.927362	22	0.953939	6	1.004988	24	1.00995	37	1.00995	9	1.00995	2	1.00995	34	1.048809	25	1.053565	1	1.053565	29	1.063015	30	1.086278	47	1.090871	45	1.126943	12	1.16619	3	1.236932	42	1.360147	38	1.431782	8	1.466288	13	1.838478	41	2.330236	98
0.1	0	0.141421	40	0.173205	4	0.173205	27	0.173205	39	0.173205	28	0.2	7	0.244949	49	0.244949	21	0.264575	26	0.316228	48	0.316228	19	0.34641	31	0.374166	43	0.374166	46	0.387298	10	0.387298	35	0.387298	11	0.412311	23	0.424264	36	0.447214	20	0.5	34	0.5	37	0.5	9	0.509902	6	0.519615	2	0.519615	16	0.547723	29	0.547723	30	0.547723	1	0.556776	25	0.583095	45	0.591608	47	0.591608	5	0.591608	44	0.6	24	0.616441	12	0.648074	32	0.655744	22	0.655744	3	0.734847	18	0.774597	42	0.812404	33	0.87178	38	0.888819	14	0.927362	8	1.00995	13	1.090871	15	1.345362	41	2.04939	98
0.331662	5	0.387298	10	0.469042	48	0.509902	20	0.519615	16	0.547723	31	0.547723	33	0.547723	36	0.556776	14	0.616441	46	0.6245	27	0.632456	19	0.640312	44	0.640312	15	0.648074	21	0.648074	32	0.714143	28	0.734847	17	0.74162	0	0.754983	39	0.793725	4	0.806226	23	0.818535	26	0.824621	43	0.83666	7	0.860233	40	0.916515	49	0.994987	11	1.00995	24	1.053565	35	1.072381	25	1.1	34	1.1	9	1.1	37	1.148913	30	1.174734	29	1.174734	1	1.208305	6	1.236932	2	1.240967	45	1.256981	12	1.292285	47	1.322876	22	1.322876	3	1.489966	42	1.581139	38	1.612452	8	1.732051	13	1.962142	41	2.092845	98
0.141421	21	0.141421	46	0.244949	48	0.264575	4	0.316228	17	0.331662	27	0.331662	10	0.331662	0	0.374166	40	0.374166	32	0.387298	5	0.387298	16	0.412311	39	0.412311	44	0.424264	7	0.43589	26	0.43589	28	0.447214	43	0.509902	31	0.519615	11	0.52915	49	0.547723	36	0.547723	20	0.574456	23	0.583095	33	0.632456	18	0.648074	24	0.648074	6	0.685565	35	0.734847	29	0.74162	22	0.754983	2	0.754983	9	0.754983	37	0.754983	34	0.774597	30	0.793725	47	0.793725	14	0.818535	25	0.83666	1	0.8544	15	0.860233	45	0.866025	3	0.883176	12	0.948683	42	1.086278	38	1.148913	8	1.216553	13	1.627882	41	2.140093	98
0.282843	31	0.3	27	0.360555	10	0.360555	28	0.360555	39	0.374166	48	0.424264	36	0.43589	23	0.43589	0	0.447214	7	0.447214	17	0.458258	26	0.509902	18	0.509902	21	0.509902	46	0.509902	49	0.538516	5	0.538516	4	0.547723	19	0.574456	44	0.574456	25	0.583095	40	0.583095	43	0.608276	11	0.6245	34	0.6245	9	0.6245	37	0.632456	24	0.67082	16	0.67082	35	0.678233	30	0.707107	1	0.734847	29	0.761577	32	0.787401	45	0.787401	12	0.830662	2	0.860233	33	0.860233	6	0.877496	47	0.877496	14	0.877496	3	1.081665	22	1.081665	15	1.095445	42	1.148913	38	1.157584	8	1.319091	13	1.479865	41	1.843909	98
0.141421	19	0.244949	17	0.244949	46	0.264575	4	0.282843	48	0.3	0	0.3	27	0.316228	40	0.316228	43	0.331662	26	0.360555	10	0.360555	39	0.374166	7	0.387298	28	0.412311	44	0.412311	16	0.412311	5	0.424264	31	0.458258	23	0.469042	49	0.479583	11	0.509902	20	0.509902	32	0.52915	36	0.6	6	0.616441	24	0.6245	35	0.648074	18	0.678233	29	0.678233	33	0.7	2	0.7	37	0.7	9	0.7	34	0.707107	30	0.74162	22	0.74162	25	0.74162	47	0.761577	1	0.774597	45	0.806226	3	0.824621	12	0.842615	14	0.905539	42	0.921954	15	1.029563	38	1.086278	8	1.174734	13	1.53948	41	2.044505	98
0.458258	6	0.509902	2	0.519615	40	0.538516	42	0.565685	4	0.565685	47	0.6	35	0.640312	49	0.648074	0	0.655744	17	0.663325	11	0.67082	7	0.685565	13	0.7	38	0.707107	3	0.728011	29	0.734847	39	0.74162	21	0.74162	19	0.748331	28	0.754983	12	0.754983	45	0.774597	37	0.774597	26	0.774597	34	0.774597	9	0.781025	1	0.787401	27	0.806226	46	0.806226	30	0.830662	43	0.830662	8	0.866025	48	0.927362	16	0.932738	32	0.938083	25	0.943398	24	0.948683	10	0.953939	36	0.959166	23	0.984886	31	1.067708	44	1.081665	20	1.122497	5	1.153256	33	1.280625	14	1.322876	18	1.341641	41	1.462874	15	2.503997	98
0.2	26	0.264575	43	0.374166	39	0.387298	7	0.387298	31	0.412311	17	0.424264	27	0.43589	49	0.43589	20	0.447214	28	0.447214	25	0.447214	11	0.458258	21	0.469042	0	0.479583	30	0.479583	24	0.5	40	0.519615	29	0.52915	4	0.52915	34	0.52915	9	0.52915	37	0.547723	44	0.556776	1	0.556776	45	0.574456	19	0.574456	48	0.591608	46	0.6	35	0.616441	10	0.6245	6	0.648074	2	0.648074	3	0.655744	12	0.663325	47	0.67082	36	0.678233	5	0.787401	16	0.806226	18	0.866025	42	0.911043	38	0.911043	8	0.921954	32	0.959166	22	1.072381	33	1.118034	13	1.148913	14	1.249	41	1.272792	15	1.640122	98
0.3	11	0.374166	29	0.412311	26	0.424264	30	0.447214	7	0.479583	23	0.5	39	0.519615	37	0.519615	9	0.519615	34	0.538516	25	0.538516	3	0.538516	44	0.547723	6	0.547723	49	0.547723	43	0.574456	27	0.574456	4	0.574456	47	0.583095	46	0.591608	0	0.6	17	0.616441	21	0.632456	20	0.640312	28	0.640312	2	0.648074	12	0.648074	19	0.648074	40	0.648074	1	0.648074	45	0.707107	48	0.748331	31	0.748331	42	0.754983	35	0.781025	10	0.812404	8	0.824621	38	0.830662	5	0.905539	32	0.927362	36	0.943398	22	1.004988	16	1.00995	18	1.029563	13	1.174734	33	1.292285	41	1.360147	14	1.417745	15	1.708801	98
0.2	9	0.2	37	0.2	34	0.223607	30	0.223607	1	0.3	45	0.3	12	0.360555	49	0.360555	29	0.412311	7	0.424264	39	0.424264	3	0.447214	23	0.447214	35	0.447214	26	0.447214	11	0.469042	2	0.489898	47	0.489898	28	0.538516	24	0.547723	0	0.547723	27	0.556776	17	0.574456	20	0.591608	40	0.608276	6	0.608276	31	0.632456	4	0.640312	43	0.640312	8	0.67082	38	0.7	42	0.74162	21	0.768115	48	0.768115	36	0.806226	46	0.812404	10	0.818535	19	0.866025	13	0.883176	44	0.916515	41	0.938083	22	1.00995	5	1.048809	16	1.072381	18	1.126943	32	1.315295	33	1.341641	14	1.581139	15	1.74069	98
0.2	23	0.223607	7	0.223607	43	0.244949	39	0.264575	17	0.282843	11	0.3	49	0.316228	0	0.316228	27	0.331662	21	0.331662	40	0.34641	4	0.34641	28	0.412311	30	0.412311	24	0.412311	29	0.412311	31	0.43589	19	0.447214	25	0.447214	37	0.447214	34	0.447214	9	0.458258	46	0.458258	20	0.458258	6	0.479583	48	0.489898	35	0.5	45	0.5	1	0.509902	2	0.509902	44	0.52915	47	0.547723	10	0.547723	3	0.574456	12	0.6245	36	0.648074	5	0.707107	16	0.728011	42	0.774597	22	0.793725	32	0.806226	38	0.818535	18	0.830662	8	0.984886	33	0.994987	13	1.095445	14	1.224745	15	1.249	41	1.808314	98
0.141421	39	0.141421	28	0.141421	0	0.173205	17	0.223607	7	0.223607	48	0.244949	4	0.282843	10	0.3	40	0.3	31	0.3	21	0.3	20	0.3	49	0.316228	26	0.331662	46	0.331662	19	0.360555	36	0.424264	23	0.424264	11	0.458258	43	0.469042	35	0.509902	37	0.509902	9	0.509902	34	0.52915	16	0.52915	5	0.547723	44	0.547723	25	0.574456	24	0.574456	30	0.591608	1	0.591608	29	0.608276	32	0.616441	2	0.6245	18	0.6245	6	0.655744	45	0.655744	12	0.678233	47	0.72111	3	0.768115	33	0.787401	22	0.83666	14	0.877496	42	0.964365	38	1.004988	8	1.048809	15	1.109054	13	1.407125	41	2.017424	98
0.141421	0	0.141421	27	0.141421	39	0.173205	17	0.223607	7	0.223607	49	0.264575	40	0.282843	4	0.3	31	0.331662	48	0.331662	36	0.34641	35	0.34641	26	0.360555	20	0.374166	10	0.387298	21	0.43589	19	0.447214	37	0.447214	23	0.447214	11	0.447214	34	0.447214	9	0.458258	46	0.489898	25	0.5	1	0.5	43	0.538516	30	0.547723	2	0.574456	12	0.574456	45	0.574456	29	0.583095	16	0.608276	6	0.632456	47	0.640312	24	0.648074	5	0.678233	3	0.678233	44	0.714143	18	0.714143	32	0.748331	22	0.830662	42	0.8544	33	0.87178	14	0.9	38	0.943398	8	1.034408	13	1.140175	15	1.311488	41	2.046949	98
0.141421	30	0.173205	3	0.223607	47	0.223607	11	0.264575	37	0.264575	34	0.264575	9	0.3	2	0.316228	12	0.316228	45	0.316228	6	0.34641	1	0.360555	25	0.374166	7	0.374166	49	0.374166	24	0.412311	26	0.424264	42	0.458258	39	0.469042	38	0.469042	8	0.5	35	0.519615	23	0.52915	40	0.538516	0	0.538516	4	0.547723	17	0.574456	28	0.583095	43	0.591608	27	0.678233	13	0.678233	21	0.72111	46	0.728011	22	0.734847	20	0.734847	19	0.761577	31	0.787401	48	0.806226	44	0.866025	10	0.905539	36	0.974679	41	1.014889	5	1.03923	32	1.053565	16	1.174734	18	1.296148	33	1.417745	14	1.577973	15	1.849324	98
0.141421	29	0.173205	37	0.173205	34	0.173205	9	0.223607	25	0.223607	3	0.244949	45	0.244949	1	0.244949	12	0.3	47	0.3	11	0.331662	2	0.34641	49	0.374166	7	0.412311	26	0.424264	24	0.424264	6	0.43589	39	0.458258	35	0.479583	23	0.489898	8	0.509902	42	0.509902	38	0.538516	0	0.538516	28	0.547723	40	0.547723	17	0.574456	27	0.574456	4	0.6	43	0.678233	20	0.707107	31	0.707107	21	0.72111	13	0.761577	46	0.774597	19	0.787401	48	0.806226	22	0.842615	44	0.8544	10	0.860233	36	0.911043	41	1.024695	5	1.063015	16	1.086278	32	1.148913	18	1.319091	33	1.403567	14	1.596872	15	1.794436	98
0.282843	20	0.3	27	0.3	28	0.316228	36	0.34641	17	0.360555	10	0.360555	39	0.374166	48	0.387298	23	0.387298	0	0.412311	26	0.424264	21	0.447214	7	0.469042	43	0.469042	40	0.469042	49	0.5	4	0.509902	19	0.538516	5	0.538516	16	0.547723	18	0.547723	46	0.574456	35	0.608276	25	0.640312	44	0.640312	11	0.655744	9	0.655744	34	0.655744	37	0.678233	1	0.707107	30	0.734847	45	0.748331	24	0.761577	29	0.781025	2	0.787401	12	0.787401	32	0.806226	14	0.812404	6	0.83666	33	0.8544	47	0.877496	3	0.984886	22	1.044031	15	1.058301	42	1.113553	38	1.140175	8	1.272792	13	1.438749	41	1.907878	98
0.34641	33	0.34641	46	0.374166	19	0.424264	48	0.458258	16	0.458258	10	0.458258	5	0.509902	21	0.556776	4	0.591608	44	0.608276	27	0.6245	0	0.648074	18	0.648074	17	0.655744	15	0.685565	14	0.69282	40	0.707107	36	0.714143	39	0.714143	28	0.734847	7	0.761577	20	0.787401	31	0.793725	26	0.812404	43	0.818535	11	0.83666	49	0.905539	24	0.921954	23	0.932738	22	0.948683	6	0.974679	35	1.03923	29	1.044031	34	1.044031	37	1.044031	9	1.053565	2	1.086278	30	1.090871	47	1.126943	25	1.148913	1	1.17047	3	1.174734	12	1.191638	45	1.224745	42	1.378405	38	1.449138	8	1.476482	13	1.951922	41	2.412468	98
0.34641	32	0.360555	15	0.387298	16	0.412311	14	0.479583	5	0.519615	10	0.547723	18	0.547723	48	0.583095	19	0.6	46	0.678233	21	0.707107	36	0.768115	27	0.781025	4	0.781025	44	0.806226	0	0.812404	17	0.83666	31	0.8544	28	0.860233	20	0.87178	40	0.9	39	0.948683	7	0.969536	43	0.984886	26	1.029563	49	1.072381	23	1.081665	11	1.135782	35	1.153256	22	1.174734	24	1.208305	6	1.260952	37	1.260952	9	1.260952	34	1.284523	2	1.296148	29	1.315295	25	1.319091	30	1.341641	1	1.345362	47	1.392839	12	1.392839	45	1.424781	3	1.489966	42	1.630951	38	1.702939	8	1.726268	13	2.151743	41	2.533772	98
0.0	34	0.0	37	0.173205	30	0.173205	12	0.173205	1	0.2	25	0.264575	49	0.264575	29	0.264575	45	0.316228	3	0.316228	2	0.331662	7	0.34641	47	0.34641	35	0.34641	11	0.374166	39	0.447214	28	0.447214	26	0.469042	0	0.479583	6	0.5	40	0.5	17	0.509902	27	0.519615	24	0.52915	23	0.52915	4	0.556776	42	0.556776	38	0.556776	8	0.6245	20	0.655744	31	0.655744	43	0.7	21	0.728011	48	0.728011	13	0.74162	46	0.754983	36	0.754983	19	0.774597	22	0.787401	10	0.883176	44	0.938083	41	1.00995	16	1.00995	5	1.044031	32	1.1	18	1.260952	33	1.311488	14	1.555635	15	1.910497	98
0.223607	49	0.3	1	0.316228	2	0.331662	40	0.34641	28	0.34641	9	0.34641	34	0.34641	37	0.360555	45	0.360555	7	0.360555	12	0.374166	0	0.374166	39	0.387298	17	0.447214	47	0.447214	25	0.447214	4	0.458258	30	0.469042	27	0.489898	11	0.489898	26	0.5	6	0.5	29	0.509902	3	0.574456	31	0.591608	36	0.6	23	0.6	22	0.608276	42	0.6245	21	0.640312	38	0.640312	43	0.655744	48	0.67082	20	0.685565	19	0.7	8	0.707107	10	0.728011	46	0.74162	13	0.754983	24	0.83666	16	0.948683	44	0.969536	5	0.974679	32	1.03923	41	1.053565	18	1.131371	14	1.135782	33	1.43527	15	2.133073	98
0.3	10	0.316228	31	0.331662	28	0.34641	48	0.360555	27	0.412311	0	0.424264	17	0.424264	20	0.458258	39	0.458258	16	0.509902	40	0.519615	4	0.52915	21	0.547723	18	0.547723	7	0.547723	19	0.547723	49	0.583095	46	0.591608	35	0.591608	14	0.608276	5	0.6245	26	0.67082	23	0.707107	32	0.707107	33	0.707107	43	0.754983	9	0.754983	34	0.754983	37	0.768115	25	0.768115	11	0.787401	1	0.806226	44	0.8544	2	0.860233	30	0.87178	12	0.87178	45	0.905539	29	0.916515	6	0.927362	24	0.953939	47	0.953939	22	0.964365	15	1.004988	3	1.140175	42	1.208305	38	1.256981	8	1.319091	13	1.565248	41	2.204541	98
0.0	9	0.0	34	0.173205	1	0.173205	30	0.173205	12	0.2	25	0.264575	29	0.264575	49	0.264575	45	0.316228	2	0.316228	3	0.331662	7	0.34641	35	0.34641	11	0.34641	47	0.374166	39	0.447214	28	0.447214	26	0.469042	0	0.479583	6	0.5	40	0.5	17	0.509902	27	0.519615	24	0.52915	4	0.52915	23	0.556776	8	0.556776	38	0.556776	42	0.6245	20	0.655744	43	0.655744	31	0.7	21	0.728011	48	0.728011	13	0.74162	46	0.754983	36	0.754983	19	0.774597	22	0.787401	10	0.883176	44	0.938083	41	1.00995	16	1.00995	5	1.044031	32	1.1	18	1.260952	33	1.311488	14	1.555635	15	1.910497	98
0.141421	8	0.2	42	0.244949	13	0.3	47	0.3	3	0.360555	2	0.424264	12	0.424264	45	0.469042	29	0.469042	6	0.509902	30	0.509902	1	0.556776	37	0.556776	9	0.556776	34	0.640312	35	0.640312	11	0.67082	25	0.678233	49	0.7	22	0.714143	41	0.748331	7	0.787401	40	0.806226	26	0.824621	24	0.830662	39	0.8544	4	0.866025	0	0.87178	17	0.9	28	0.911043	23	0.927362	43	0.964365	27	1.029563	21	1.086278	19	1.104536	46	1.113553	31	1.148913	20	1.157584	48	1.208305	36	1.236932	10	1.236932	44	1.360147	16	1.378405	32	1.417745	5	1.581139	18	1.630951	33	1.723369	14	1.931321	15	2.107131	98
0.1	7	0.141421	27	0.141421	28	0.141421	0	0.173205	49	0.173205	17	0.244949	4	0.244949	26	0.264575	40	0.316228	11	0.360555	48	0.360555	21	0.360555	31	0.360555	20	0.374166	9	0.374166	23	0.374166	37	0.374166	35	0.374166	34	0.412311	19	0.412311	46	0.424264	25	0.424264	10	0.43589	43	0.43589	30	0.458258	29	0.458258	1	0.458258	36	0.489898	2	0.5	24	0.519615	6	0.519615	12	0.519615	45	0.547723	47	0.583095	3	0.6	44	0.648074	16	0.648074	5	0.714143	32	0.734847	22	0.754983	18	0.754983	42	0.830662	38	0.866025	8	0.9	33	0.969536	14	0.984886	13	1.183216	15	1.272792	41	1.967232	98
0.141421	17	0.173205	4	0.173205	0	0.244949	7	0.244949	49	0.264575	28	0.264575	39	0.3	27	0.316228	21	0.331662	35	0.331662	26	0.374166	19	0.387298	11	0.424264	6	0.424264	48	0.424264	43	0.43589	2	0.447214	46	0.469042	31	0.5	10	0.5	9	0.5	34	0.5	23	0.5	37	0.509902	36	0.519615	22	0.519615	47	0.52915	1	0.52915	29	0.547723	30	0.547723	45	0.574456	16	0.583095	12	0.583095	20	0.591608	25	0.608276	3	0.648074	24	0.678233	42	0.685565	44	0.69282	32	0.7	5	0.787401	38	0.860233	18	0.860233	8	0.87178	33	0.905539	13	0.953939	14	1.161895	15	1.3	41	2.130728	98
0.6245	8	0.714143	38	0.768115	45	0.781025	13	0.793725	12	0.818535	1	0.83666	3	0.911043	42	0.911043	30	0.916515	47	0.916515	25	0.927362	2	0.938083	9	0.938083	37	0.938083	34	0.974679	29	1.03923	35	1.109054	6	1.126943	49	1.183216	11	1.228821	7	1.249	23	1.249	26	1.272792	39	1.292285	24	1.3	40	1.311488	28	1.341641	22	1.345362	17	1.349074	0	1.367479	43	1.4	4	1.407125	27	1.438749	31	1.479865	20	1.53948	21	1.565248	36	1.627882	19	1.627882	48	1.646208	46	1.679286	10	1.726268	44	1.838478	16	1.881489	5	1.951922	32	1.962142	18	1.982423	98	2.144761	14	2.151743	33	2.158703	57
0.2	38	0.223607	47	0.3	2	0.3	3	0.316228	6	0.316228	13	0.316228	8	0.424264	29	0.469042	12	0.469042	45	0.509902	30	0.538516	22	0.538516	11	0.547723	1	0.556776	9	0.556776	34	0.556776	37	0.608276	35	0.616441	49	0.663325	7	0.678233	40	0.7	25	0.728011	4	0.728011	26	0.748331	24	0.754983	39	0.768115	0	0.774597	17	0.830662	28	0.83666	43	0.866025	23	0.877496	27	0.905539	21	0.911043	41	0.948683	19	0.969536	46	1.048809	48	1.058301	31	1.095445	20	1.118034	44	1.135782	10	1.140175	36	1.224745	32	1.236932	16	1.3	5	1.489966	18	1.489966	33	1.615549	14	1.791647	15	2.163331	98
0.223607	26	0.264575	23	0.316228	21	0.374166	17	0.424264	40	0.424264	7	0.43589	39	0.447214	19	0.458258	0	0.458258	4	0.458258	27	0.458258	11	0.469042	31	0.479583	44	0.489898	49	0.5	28	0.509902	46	0.547723	6	0.547723	48	0.547723	24	0.583095	29	0.583095	20	0.6	30	0.608276	10	0.608276	5	0.640312	35	0.640312	25	0.648074	45	0.655744	9	0.655744	2	0.655744	37	0.655744	34	0.67082	47	0.67082	16	0.678233	1	0.7	3	0.707107	36	0.761577	12	0.812404	32	0.824621	18	0.830662	22	0.83666	42	0.927362	38	0.959166	8	0.969536	33	1.1	14	1.113553	13	1.161895	15	1.367479	41	1.794436	98
0.360555	46	0.374166	5	0.412311	21	0.412311	19	0.479583	43	0.5	48	0.509902	26	0.538516	24	0.547723	10	0.547723	23	0.547723	27	0.574456	20	0.583095	4	0.591608	32	0.591608	17	0.6	39	0.608276	7	0.616441	11	0.616441	0	0.640312	31	0.640312	18	0.678233	16	0.678233	28	0.685565	40	0.74162	49	0.781025	33	0.806226	36	0.806226	29	0.818535	6	0.842615	30	0.883176	25	0.883176	34	0.883176	37	0.883176	9	0.938083	15	0.948683	47	0.948683	35	0.959166	2	0.969536	3	0.984886	1	0.994987	45	1.029563	14	1.034408	12	1.067708	22	1.118034	42	1.236932	38	1.260952	8	1.417745	13	1.726268	41	1.841195	98
0.141421	1	0.2	12	0.244949	30	0.264575	2	0.264575	3	0.264575	37	0.264575	34	0.264575	9	0.3	47	0.3	25	0.316228	29	0.360555	35	0.374166	49	0.424264	8	0.424264	38	0.447214	6	0.458258	11	0.469042	7	0.469042	42	0.5	26	0.519615	39	0.547723	40	0.556776	23	0.574456	28	0.583095	17	0.591608	0	0.616441	13	0.640312	4	0.648074	43	0.648074	24	0.655744	27	0.734847	31	0.754983	22	0.768115	41	0.774597	21	0.787401	20	0.860233	19	0.87178	48	0.87178	36	0.883176	46	0.932738	10	0.994987	44	1.090871	16	1.126943	5	1.191638	32	1.240967	18	1.392839	33	1.431782	14	1.670329	15	1.881489	98
0.141421	19	0.244949	48	0.244949	21	0.3	4	0.331662	27	0.331662	10	0.34641	32	0.360555	0	0.360555	44	0.374166	17	0.387298	5	0.412311	39	0.424264	7	0.447214	40	0.458258	26	0.458258	28	0.479583	16	0.5	11	0.509902	43	0.509902	20	0.547723	31	0.547723	49	0.583095	24	0.583095	36	0.591608	23	0.6	33	0.616441	18	0.678233	6	0.72111	29	0.728011	35	0.74162	37	0.74162	9	0.74162	34	0.761577	30	0.781025	2	0.806226	22	0.806226	47	0.806226	25	0.830662	14	0.848528	1	0.866025	3	0.877496	15	0.883176	12	0.883176	45	0.969536	42	1.104536	38	1.157584	8	1.240967	13	1.646208	41	2.111871	98
0.141421	2	0.141421	3	0.223607	6	0.223607	42	0.223607	29	0.3	12	0.3	45	0.3	30	0.3	38	0.34641	9	0.34641	34	0.34641	11	0.34641	37	0.360555	1	0.360555	8	0.412311	49	0.447214	35	0.458258	7	0.479583	13	0.489898	25	0.519615	40	0.52915	26	0.547723	39	0.565685	4	0.565685	22	0.574456	24	0.583095	0	0.591608	17	0.632456	28	0.663325	23	0.67082	43	0.678233	27	0.74162	21	0.793725	19	0.806226	46	0.8544	31	0.866025	48	0.877496	20	0.916515	41	0.948683	10	0.948683	44	0.953939	36	1.086278	16	1.090871	32	1.122497	5	1.292285	18	1.345362	33	1.456022	14	1.643168	15	2.027313	98
0.1	10	0.223607	27	0.244949	46	0.244949	19	0.282843	21	0.3	0	0.316228	17	0.331662	28	0.331662	4	0.34641	36	0.360555	39	0.360555	16	0.360555	5	0.374166	31	0.374166	20	0.424264	40	0.424264	7	0.424264	32	0.469042	18	0.479583	26	0.5	44	0.509902	49	0.547723	43	0.547723	33	0.574456	23	0.591608	11	0.655744	35	0.655744	14	0.707107	24	0.728011	9	0.728011	37	0.728011	34	0.768115	25	0.774597	6	0.787401	29	0.787401	30	0.806226	2	0.812404	1	0.830662	15	0.866025	22	0.866025	47	0.87178	12	0.87178	45	0.921954	3	1.048809	42	1.157584	38	1.208305	8	1.28841	13	1.627882	41	2.130728	98
0.141421	7	0.173205	39	0.223607	35	0.223607	28	0.223607	0	0.244949	17	0.244949	40	0.264575	9	0.264575	34	0.264575	37	0.3	27	0.3	26	0.3	11	0.3	4	0.316228	1	0.331662	2	0.34641	30	0.360555	25	0.374166	12	0.374166	45	0.374166	29	0.412311	47	0.424264	6	0.43589	23	0.458258	3	0.469042	21	0.469042	31	0.489898	43	0.509902	48	0.509902	20	0.52915	19	0.547723	24	0.547723	46	0.547723	36	0.574456	10	0.616441	42	0.640312	22	0.678233	38	0.72111	8	0.74162	44	0.754983	16	0.806226	5	0.824621	13	0.83666	32	0.916515	18	1.029563	33	1.081665	14	1.126943	41	1.322876	15	2.004994	98
0.264575	52	0.331662	86	0.43589	65	0.458258	76	0.519615	58	0.538516	75	0.556776	77	0.640312	51	0.655744	54	0.734847	56	0.787401	74	0.877496	110	0.905539	133	0.927362	91	0.948683	147	0.948683	97	0.948683	63	0.969536	123	0.984886	126	0.994987	141	1.0	139	1.004988	73	1.014889	72	1.024695	127	1.044031	116	1.058301	85	1.067708	78	1.081665	137	1.090871	145	1.1	112	1.1	138	1.104536	111	1.148913	146	1.153256	129	1.174734	70	1.183216	87	1.204159	83	1.212436	71	1.228821	61	1.236932	115	1.24499	103	1.252996	149	1.260952	124	1.3	68	1.349074	128	1.349074	120	1.374773	125	1.378405	55	1.382027	140	1.396424	108
0.264575	56	0.316228	75	0.34641	65	0.374166	86	0.387298	91	0.412311	74	0.424264	58	0.424264	54	0.458258	85	0.458258	97	0.479583	63	0.5	78	0.616441	61	0.616441	126	0.616441	138	0.616441	73	0.616441	127	0.640312	50	0.648074	77	0.648074	76	0.648074	52	0.655744	70	0.714143	123	0.728011	133	0.734847	71	0.787401	110	0.812404	72	0.824621	66	0.830662	55	0.842615	96	0.842615	95	0.860233	149	0.883176	83	0.888819	147	0.921954	99	0.932738	87	0.938083	88	0.953939	146	1.00995	94	1.00995	67	1.019804	68	1.019804	84	1.024695	111	1.029563	82	1.029563	92	1.048809	137	1.063015	101	1.063015	142	1.067708	116	1.1	121
0.264575	50	0.282843	86	0.316228	77	0.34641	76	0.509902	58	0.547723	65	0.583095	54	0.6	75	0.648074	51	0.67082	56	0.678233	110	0.7	133	0.714143	147	0.781025	123	0.781025	139	0.787401	116	0.824621	141	0.824621	126	0.830662	74	0.83666	137	0.848528	72	0.8544	63	0.8544	111	0.860233	112	0.860233	127	0.866025	91	0.883176	145	0.927362	73	0.943398	146	0.959166	129	0.959166	138	0.964365	97	0.989949	103	1.004988	78	1.00995	83	1.029563	115	1.034408	85	1.03923	124	1.053565	70	1.067708	149	1.090871	128	1.135782	120	1.135782	87	1.140175	108	1.148913	132	1.157584	140	1.178983	134	1.183216	125	1.187434	102	1.208305	68
0.2	89	0.3	80	0.316228	69	0.43589	92	0.43589	81	0.458258	94	0.509902	90	0.519615	59	0.519615	82	0.547723	99	0.591608	62	0.591608	67	0.663325	96	0.685565	79	0.714143	88	0.728011	64	0.734847	55	0.761577	95	0.781025	71	0.824621	60	0.8544	61	0.888819	84	0.888819	68	0.888819	66	0.894427	87	0.9	106	0.911043	93	0.948683	78	0.969536	97	0.974679	57	1.053565	73	1.104536	91	1.104536	63	1.113553	98	1.122497	74	1.140175	119	1.236932	72	1.249	121	1.252996	113	1.276715	126	1.276715	138	1.284523	54	1.30767	83	1.341641	85	1.349074	142	1.349074	101	1.363818	70	1.363818	123	1.367479	75	1.382027	51
0.244949	58	0.316228	75	0.374166	76	0.374166	86	0.387298	74	0.424264	65	0.424264	51	0.43589	63	0.458258	91	0.469042	126	0.469042	72	0.479583	97	0.479583	123	0.509902	73	0.519615	78	0.52915	77	0.538516	133	0.556776	56	0.583095	52	0.608276	87	0.616441	127	0.648074	138	0.655744	50	0.67082	146	0.678233	68	0.72111	83	0.748331	71	0.748331	61	0.793725	85	0.806226	70	0.806226	147	0.812404	110	0.818535	111	0.830662	55	0.860233	149	0.877496	119	0.921954	96	0.927362	66	0.953939	101	0.953939	142	0.964365	95	0.964365	99	0.969536	116	0.989949	92	1.0	137	1.0	67	1.00995	94	1.03923	145	1.03923	82	1.067708	113
0.3	66	0.316228	90	0.316228	96	0.331662	94	0.374166	95	0.374166	78	0.4	99	0.412311	84	0.458258	61	0.458258	88	0.458258	73	0.469042	63	0.469042	91	0.519615	67	0.547723	97	0.556776	92	0.616441	89	0.6245	82	0.640312	71	0.685565	138	0.707107	69	0.734847	53	0.734847	70	0.734847	85	0.734847	74	0.74162	83	0.768115	126	0.781025	127	0.787401	87	0.793725	59	0.806226	68	0.806226	72	0.812404	121	0.830662	149	0.830662	51	0.830662	54	0.8544	80	0.860233	142	0.860233	101	0.860233	119	0.860233	56	0.87178	133	0.883176	123	0.888819	62	0.911043	113	0.911043	58	0.911043	64	0.932738	75	0.943398	106	0.964365	81
0.264575	51	0.374166	85	0.424264	91	0.458258	86	0.458258	127	0.469042	70	0.479583	138	0.489898	63	0.547723	78	0.556776	75	0.556776	126	0.556776	54	0.574456	65	0.591608	77	0.591608	58	0.608276	110	0.648074	133	0.648074	97	0.648074	74	0.663325	123	0.67082	73	0.67082	149	0.67082	52	0.714143	61	0.734847	50	0.734847	147	0.74162	76	0.781025	83	0.793725	66	0.830662	72	0.8544	137	0.860233	55	0.9	116	0.905539	146	0.905539	111	0.927362	142	0.927362	101	0.927362	96	0.927362	95	0.932738	71	0.932738	115	0.969536	121	0.974679	84	0.994987	145	1.0	148	1.004988	103	1.014889	88	1.024695	141	1.029563	99	1.067708	139
0.141421	93	0.387298	98	0.458258	60	0.72111	81	0.787401	80	0.83666	59	0.848528	79	0.932738	69	0.959166	64	0.974679	53	0.974679	89	1.140175	82	1.174734	92	1.216553	94	1.236932	99	1.240967	67	1.256981	88	1.284523	90	1.319091	62	1.337909	96	1.360147	95	1.392839	106	1.476482	71	1.516575	84	1.526434	55	1.555635	61	1.593738	66	1.74069	97	1.774824	78	1.808314	87	1.849324	68	1.89473	74	1.897367	73	1.9	24	1.910497	91	1.913113	23	1.951922	63	1.974842	25	2.002498	85	2.007486	30	2.051828	121	2.051828	29	2.063977	26	2.066398	43	2.078461	44	2.095233	119	2.109502	20	2.111871	138	2.111871	3	2.114237	45
0.244949	54	0.244949	75	0.316228	86	0.316228	65	0.316228	76	0.360555	74	0.424264	51	0.5	97	0.509902	52	0.519615	63	0.519615	91	0.519615	50	0.52915	73	0.583095	77	0.591608	56	0.616441	72	0.6245	133	0.640312	78	0.678233	126	0.685565	123	0.7	87	0.774597	127	0.787401	71	0.812404	138	0.83666	68	0.83666	61	0.842615	85	0.860233	83	0.877496	146	0.911043	55	0.916515	110	0.932738	70	0.932738	147	0.964365	111	0.984886	96	0.994987	95	1.0	149	1.00995	67	1.024695	119	1.029563	66	1.034408	99	1.03923	116	1.048809	92	1.067708	137	1.086278	82	1.095445	94	1.122497	88	1.135782	101	1.135782	142	1.140175	62
0.387298	89	0.509902	94	0.519615	53	0.52915	80	0.538516	69	0.547723	64	0.547723	88	0.556776	99	0.616441	81	0.6245	90	0.6245	96	0.632456	82	0.648074	92	0.685565	95	0.707107	84	0.748331	67	0.761577	106	0.761577	79	0.787401	66	0.793725	55	0.824621	61	0.83666	57	0.848528	93	0.916515	71	0.921954	60	0.974679	98	1.024695	78	1.029563	62	1.1	97	1.178983	91	1.220656	63	1.224745	73	1.236932	85	1.236932	121	1.272792	68	1.276715	87	1.284523	74	1.30384	138	1.30767	70	1.363818	113	1.407125	126	1.431782	101	1.431782	142	1.43527	127	1.43527	51	1.452584	119	1.456022	83	1.476482	149	1.48324	54	1.5	56
0.360555	93	0.458258	57	0.67082	81	0.714143	80	0.72111	98	0.824621	53	0.883176	69	0.916515	89	0.921954	59	0.921954	79	1.126943	64	1.135782	92	1.135782	62	1.153256	82	1.195826	94	1.208305	90	1.220656	67	1.256981	99	1.322876	106	1.345362	88	1.371131	96	1.421267	95	1.479865	71	1.489966	55	1.552417	84	1.596872	61	1.615549	66	1.637071	87	1.652271	68	1.726268	97	1.749286	78	1.824829	73	1.870829	74	1.881489	119	1.892089	91	1.90263	63	1.989975	121	1.997498	113	2.037155	72	2.078461	85	2.080865	138	2.085665	54	2.1	83	2.1	126	2.12132	101	2.12132	142	2.12838	75	2.140093	70	2.156386	51	2.161018	58
0.3	96	0.331662	78	0.360555	99	0.360555	95	0.374166	88	0.387298	97	0.4	71	0.424264	66	0.458258	91	0.458258	55	0.469042	94	0.519615	85	0.52915	82	0.547723	92	0.556776	74	0.556776	63	0.583095	84	0.6	67	0.616441	51	0.648074	73	0.67082	90	0.678233	138	0.7	89	0.7	70	0.707107	64	0.714143	56	0.734847	75	0.748331	54	0.761577	126	0.768115	69	0.787401	127	0.824621	59	0.83666	65	0.83666	58	0.8544	87	0.8544	53	0.905539	68	0.911043	123	0.916515	80	0.932738	121	0.948683	149	0.948683	72	0.948683	86	0.959166	83	0.969536	62	0.969536	79	1.004988	133	1.00995	81	1.034408	142	1.034408	101
0.489898	92	0.519615	69	0.547723	67	0.583095	80	0.583095	82	0.591608	53	0.591608	87	0.616441	81	0.655744	89	0.678233	71	0.707107	79	0.734847	68	0.734847	94	0.74162	99	0.781025	90	0.842615	96	0.842615	97	0.888819	55	0.9	95	0.911043	74	0.948683	73	0.948683	88	0.948683	64	0.969536	61	0.994987	78	1.029563	59	1.072381	63	1.081665	91	1.104536	54	1.113553	72	1.118034	119	1.135782	60	1.140175	66	1.140175	58	1.148913	75	1.224745	84	1.224745	93	1.272792	65	1.28841	51	1.296148	126	1.319091	57	1.337909	123	1.341641	76	1.349074	83	1.382027	98	1.382027	133	1.385641	138	1.410674	146	1.428286	106	1.428286	86
0.141421	91	0.223607	73	0.244949	78	0.424264	97	0.43589	54	0.43589	138	0.43589	126	0.458258	127	0.469042	55	0.469042	133	0.479583	51	0.489898	56	0.5	72	0.5	83	0.509902	74	0.519615	58	0.52915	123	0.547723	70	0.556776	66	0.556776	61	0.583095	85	0.591608	75	0.608276	149	0.640312	86	0.648074	96	0.678233	95	0.7	65	0.707107	87	0.714143	76	0.714143	71	0.734847	146	0.734847	99	0.734847	101	0.734847	142	0.74162	68	0.74162	84	0.74162	94	0.74162	77	0.761577	90	0.774597	119	0.793725	88	0.806226	67	0.812404	121	0.842615	92	0.8544	52	0.860233	111	0.877496	110	0.877496	113	0.883176	147	0.9	82
0.424264	82	0.447214	79	0.509902	88	0.519615	99	0.538516	69	0.547723	59	0.547723	92	0.574456	89	0.583095	80	0.6	81	0.608276	96	0.6245	95	0.632456	94	0.648074	71	0.648074	67	0.707107	61	0.728011	53	0.866025	90	0.9	98	0.911043	55	0.921954	97	0.927362	66	0.948683	84	0.948683	93	0.948683	62	0.959166	57	1.004988	78	1.063015	74	1.126943	91	1.126943	60	1.144552	85	1.212436	63	1.216553	73	1.220656	87	1.256981	51	1.272792	106	1.28841	75	1.30384	68	1.363818	138	1.363818	54	1.367479	70	1.378405	65	1.396424	56	1.414214	58	1.43527	126	1.479865	121	1.48324	127	1.542725	72	1.571623	123	1.581139	86
0.141421	75	0.316228	58	0.316228	86	0.34641	51	0.387298	74	0.424264	54	0.43589	50	0.509902	76	0.547723	52	0.556776	97	0.574456	56	0.640312	91	0.678233	77	0.7	63	0.74162	78	0.761577	73	0.787401	71	0.793725	85	0.812404	126	0.83666	61	0.8544	123	0.866025	133	0.883176	72	0.883176	127	0.9	87	0.905539	138	0.948683	110	0.984886	70	1.024695	147	1.03923	68	1.044031	95	1.044031	96	1.053565	55	1.063015	146	1.086278	83	1.090871	99	1.104536	67	1.113553	66	1.122497	92	1.122497	82	1.140175	149	1.144552	111	1.148913	88	1.157584	141	1.191638	116	1.191638	94	1.208305	145	1.208305	137	1.236932	139	1.272792	62
0.2	84	0.3	55	0.387298	96	0.412311	78	0.424264	61	0.43589	95	0.447214	88	0.469042	94	0.5	99	0.519615	91	0.519615	90	0.556776	63	0.556776	70	0.574456	85	0.583095	138	0.648074	73	0.67082	97	0.67082	121	0.707107	127	0.734847	67	0.734847	149	0.734847	92	0.74162	89	0.761577	126	0.761577	82	0.761577	71	0.787401	59	0.787401	83	0.793725	56	0.806226	101	0.806226	142	0.824621	51	0.8544	74	0.87178	113	0.877496	69	0.883176	106	0.888819	53	0.911043	123	0.927362	54	0.927362	64	0.943398	133	0.948683	72	1.0	68	1.00995	80	1.00995	75	1.014889	87	1.024695	119	1.029563	58	1.072381	146	1.113553	65
0.244949	92	0.282843	82	0.331662	99	0.360555	69	0.374166	94	0.387298	95	0.387298	96	0.447214	71	0.469042	88	0.479583	90	0.479583	89	0.519615	55	0.52915	80	0.547723	62	0.574456	97	0.583095	81	0.591608	53	0.6	61	0.616441	79	0.648074	64	0.7	78	0.707107	73	0.728011	74	0.734847	66	0.748331	59	0.768115	87	0.768115	91	0.806226	63	0.812404	84	0.905539	68	0.989949	75	1.0	54	1.00995	58	1.00995	51	1.024695	85	1.086278	72	1.104536	65	1.122497	138	1.140175	126	1.153256	56	1.161895	119	1.178983	70	1.183216	83	1.2	93	1.208305	127	1.220656	60	1.224745	106	1.228821	133	1.236932	123	1.240967	57
0.264575	87	0.509902	72	0.538516	119	0.678233	54	0.707107	73	0.714143	146	0.714143	123	0.728011	78	0.734847	126	0.734847	62	0.74162	63	0.754983	97	0.781025	74	0.806226	55	0.812404	71	0.812404	83	0.812404	92	0.818535	91	0.83666	58	0.8544	133	0.860233	94	0.866025	90	0.888819	53	0.9	99	0.905539	61	0.905539	75	0.905539	67	0.905539	76	0.916515	113	0.927362	138	0.927362	82	0.932738	89	0.932738	96	0.948683	127	0.964365	101	0.964365	142	0.984886	69	1.0	66	1.019804	51	1.034408	95	1.03923	65	1.044031	111	1.048809	86	1.063015	121	1.086278	149	1.086278	80	1.086278	77	1.095445	88	1.126943	56	1.126943	70
0.173205	80	0.244949	89	0.264575	81	0.264575	92	0.3	82	0.316228	53	0.360555	67	0.412311	94	0.424264	99	0.43589	79	0.519615	62	0.52915	90	0.538516	59	0.538516	64	0.547723	96	0.574456	88	0.6	95	0.6245	71	0.707107	55	0.768115	61	0.848528	97	0.877496	93	0.877496	66	0.883176	60	0.9	84	0.905539	87	0.916515	78	0.932738	57	0.984886	68	0.994987	73	1.0	74	1.029563	98	1.03923	91	1.067708	63	1.1	106	1.24499	54	1.256981	85	1.260952	75	1.272792	119	1.284523	51	1.284523	72	1.3	58	1.30767	138	1.322876	126	1.371131	70	1.374773	83	1.378405	121	1.382027	65	1.410674	127	1.421267	56
0.223607	138	0.3	127	0.360555	149	0.424264	85	0.469042	56	0.5	126	0.52915	78	0.52915	91	0.547723	63	0.547723	121	0.556776	66	0.6	101	0.6	142	0.6245	83	0.648074	123	0.655744	51	0.685565	84	0.7	61	0.7	110	0.707107	133	0.734847	55	0.754983	73	0.774597	147	0.781025	113	0.787401	114	0.806226	54	0.824621	97	0.83666	146	0.8544	77	0.860233	96	0.860233	148	0.866025	86	0.866025	137	0.866025	72	0.866025	115	0.87178	111	0.894427	95	0.916515	74	0.921954	75	0.932738	58	0.932738	88	0.943398	103	0.943398	116	0.969536	99	0.974679	94	0.984886	65	1.019804	90	1.044031	71	1.044031	145	1.053565	52
0.331662	97	0.34641	82	0.374166	92	0.4	61	0.412311	99	0.43589	74	0.447214	67	0.458258	96	0.5	95	0.547723	94	0.547723	88	0.556776	78	0.6245	69	0.640312	55	0.640312	91	0.648074	64	0.67082	87	0.67082	89	0.678233	62	0.678233	75	0.707107	73	0.714143	63	0.734847	51	0.734847	79	0.748331	54	0.754983	90	0.761577	66	0.774597	80	0.781025	53	0.787401	58	0.787401	65	0.812404	68	0.83666	81	0.842615	85	0.905539	84	0.916515	59	0.932738	56	0.948683	126	0.969536	138	0.989949	72	0.989949	86	1.044031	70	1.048809	127	1.053565	123	1.067708	76	1.135782	133	1.148913	83	1.187434	119	1.212436	50	1.220656	146
0.360555	123	0.360555	133	0.412311	146	0.424264	83	0.43589	119	0.447214	126	0.469042	54	0.5	63	0.509902	73	0.509902	68	0.574456	87	0.6	76	0.608276	111	0.616441	58	0.616441	127	0.6245	91	0.640312	78	0.663325	138	0.678233	77	0.7	101	0.7	142	0.734847	149	0.74162	134	0.748331	86	0.754983	97	0.754983	74	0.774597	75	0.787401	113	0.793725	147	0.806226	55	0.812404	51	0.830662	56	0.848528	52	0.860233	103	0.860233	116	0.866025	70	0.883176	65	0.905539	137	0.905539	110	0.911043	121	0.948683	66	0.948683	61	0.974679	128	0.989949	71	0.994987	90	1.014889	50	1.024695	96	1.029563	94	1.029563	108	1.034408	85
0.223607	63	0.3	91	0.387298	78	0.43589	97	0.458258	55	0.509902	72	0.509902	54	0.519615	74	0.52915	58	0.538516	133	0.583095	83	0.616441	51	0.616441	126	0.6245	87	0.648074	75	0.648074	61	0.648074	66	0.648074	138	0.655744	96	0.663325	127	0.67082	123	0.67082	56	0.67082	95	0.7	90	0.707107	68	0.707107	71	0.707107	67	0.72111	94	0.728011	99	0.734847	76	0.734847	86	0.74162	119	0.754983	70	0.754983	85	0.761577	65	0.774597	149	0.787401	92	0.812404	88	0.812404	84	0.842615	146	0.860233	82	0.860233	77	0.866025	142	0.866025	101	0.927362	52	0.943398	134	0.948683	62	0.964365	121	0.974679	89	0.974679	111
0.2	97	0.264575	75	0.360555	58	0.387298	54	0.387298	65	0.412311	51	0.43589	71	0.447214	91	0.489898	78	0.509902	63	0.519615	73	0.556776	61	0.574456	86	0.616441	87	0.648074	56	0.655744	76	0.707107	96	0.72111	95	0.728011	67	0.734847	99	0.734847	55	0.734847	85	0.74162	126	0.74162	92	0.754983	72	0.754983	82	0.781025	68	0.787401	50	0.812404	123	0.818535	138	0.830662	88	0.830662	94	0.830662	52	0.83666	133	0.842615	127	0.8544	66	0.866025	77	0.911043	62	0.916515	70	0.959166	90	0.964365	83	1.0	69	1.00995	146	1.029563	89	1.044031	84	1.063015	64	1.072381	149	1.086278	119	1.109054	110	1.122497	53
0.141421	65	0.244949	58	0.264575	74	0.316228	51	0.316228	54	0.34641	86	0.43589	97	0.489898	76	0.538516	91	0.538516	50	0.556776	56	0.591608	63	0.6	52	0.6245	78	0.648074	73	0.678233	77	0.678233	71	0.72111	126	0.734847	61	0.754983	85	0.768115	123	0.768115	87	0.774597	72	0.793725	133	0.812404	127	0.824621	138	0.905539	68	0.921954	70	0.932738	96	0.932738	55	0.943398	95	0.948683	110	0.974679	99	0.974679	146	0.989949	83	0.989949	67	1.0	92	1.004988	147	1.00995	82	1.00995	66	1.048809	88	1.067708	94	1.067708	149	1.090871	111	1.148913	62	1.17047	119	1.174734	116	1.183216	141	1.187434	90	1.191638	137
0.316228	58	0.34641	86	0.34641	52	0.374166	54	0.424264	77	0.458258	50	0.489898	75	0.509902	65	0.591608	133	0.6	72	0.648074	51	0.655744	123	0.655744	74	0.714143	63	0.72111	126	0.734847	73	0.74162	56	0.754983	91	0.793725	146	0.793725	97	0.806226	147	0.818535	87	0.818535	111	0.83666	110	0.83666	127	0.866025	78	0.883176	83	0.883176	116	0.905539	68	0.916515	138	0.948683	137	0.974679	139	1.0	141	1.00995	145	1.00995	112	1.024695	119	1.029563	103	1.048809	149	1.063015	85	1.063015	70	1.067708	71	1.081665	134	1.104536	61	1.113553	129	1.122497	108	1.135782	128	1.144552	55	1.161895	101	1.161895	142	1.174734	115
0.316228	52	0.374166	86	0.412311	147	0.424264	76	0.424264	110	0.5	133	0.519615	123	0.52915	54	0.547723	116	0.556776	111	0.556776	50	0.583095	126	0.583095	58	0.591608	56	0.6	137	0.608276	139	0.616441	127	0.632456	145	0.648074	112	0.648074	51	0.648074	141	0.67082	146	0.678233	72	0.678233	75	0.678233	65	0.734847	103	0.734847	138	0.74162	63	0.761577	115	0.774597	83	0.781025	91	0.806226	128	0.812404	149	0.8544	70	0.860233	73	0.860233	132	0.860233	124	0.866025	74	0.888819	78	0.927362	140	0.948683	129	0.948683	108	0.953939	85	0.953939	97	0.964365	104	0.964365	120	0.964365	148	0.974679	142	0.974679	101	0.984886	134
0.2	91	0.244949	63	0.331662	61	0.34641	97	0.374166	55	0.387298	73	0.412311	66	0.43589	138	0.469042	96	0.479583	126	0.489898	74	0.5	51	0.509902	85	0.519615	54	0.519615	127	0.52915	95	0.52915	70	0.547723	99	0.547723	56	0.556776	71	0.574456	94	0.608276	84	0.608276	88	0.616441	123	0.6245	75	0.640312	83	0.640312	58	0.640312	72	0.663325	90	0.678233	133	0.685565	149	0.685565	92	0.7	67	0.707107	87	0.728011	68	0.728011	82	0.74162	65	0.754983	86	0.761577	121	0.774597	101	0.774597	142	0.812404	146	0.83666	89	0.860233	119	0.866025	113	0.866025	76	0.888819	77	0.916515	69	0.948683	53	0.974679	110
0.34641	81	0.424264	80	0.43589	69	0.447214	64	0.469042	82	0.547723	92	0.616441	67	0.6245	89	0.685565	53	0.7	99	0.707107	62	0.734847	71	0.761577	59	0.774597	94	0.787401	88	0.787401	93	0.793725	98	0.818535	96	0.830662	95	0.848528	57	0.921954	60	0.943398	90	0.969536	61	1.034408	97	1.063015	55	1.144552	74	1.161895	87	1.191638	66	1.195826	78	1.224745	84	1.28841	68	1.296148	73	1.3	91	1.360147	63	1.392839	75	1.445683	85	1.449138	51	1.462874	54	1.462874	106	1.48324	58	1.489966	65	1.606238	72	1.606238	138	1.618641	126	1.627882	56	1.652271	70	1.658312	119	1.708801	127	1.714643	86	1.723369	123
0.141421	81	0.173205	69	0.3	89	0.3	53	0.424264	79	0.424264	92	0.447214	82	0.52915	59	0.52915	67	0.547723	94	0.574456	99	0.583095	62	0.583095	64	0.640312	90	0.7	96	0.707107	88	0.714143	60	0.72111	93	0.754983	95	0.774597	71	0.787401	57	0.8544	55	0.9	98	0.916515	61	1.00995	84	1.00995	66	1.014889	97	1.024695	87	1.072381	78	1.086278	68	1.104536	106	1.157584	73	1.161895	74	1.204159	91	1.228821	63	1.374773	119	1.4	54	1.410674	85	1.421267	72	1.421267	75	1.449138	138	1.449138	51	1.462874	58	1.462874	126	1.479865	121	1.509967	83	1.513275	70	1.516575	113	1.542725	65	1.555635	127
0.141421	80	0.264575	69	0.34641	79	0.43589	89	0.43589	53	0.509902	92	0.509902	82	0.583095	67	0.6	64	0.616441	59	0.616441	62	0.648074	93	0.663325	94	0.67082	99	0.67082	60	0.72111	57	0.754983	90	0.787401	88	0.793725	96	0.818535	98	0.830662	95	0.83666	71	0.964365	55	1.00995	61	1.090871	97	1.109054	87	1.122497	84	1.122497	66	1.178983	78	1.191638	68	1.224745	106	1.228821	74	1.249	73	1.3	91	1.330413	63	1.489966	75	1.489966	54	1.493318	119	1.5	85	1.529706	72	1.529706	51	1.536229	58	1.568439	138	1.581139	126	1.606238	65	1.615549	121	1.627882	70	1.630951	83	1.655295	113	1.67332	127
0.141421	92	0.264575	99	0.282843	67	0.3	69	0.34641	71	0.374166	94	0.387298	89	0.387298	96	0.424264	88	0.424264	64	0.43589	95	0.447214	80	0.469042	79	0.509902	81	0.519615	53	0.52915	61	0.583095	62	0.591608	90	0.608276	97	0.6245	55	0.632456	59	0.728011	78	0.754983	74	0.761577	66	0.818535	87	0.83666	84	0.842615	91	0.860233	73	0.9	63	0.927362	68	1.00995	75	1.024695	85	1.029563	51	1.03923	54	1.086278	58	1.095445	93	1.122497	65	1.140175	57	1.140175	138	1.153256	60	1.157584	126	1.161895	98	1.174734	72	1.187434	56	1.195826	70	1.208305	106	1.240967	127	1.260952	119	1.268858	123	1.280625	83
0.331662	133	0.360555	101	0.360555	142	0.374166	149	0.412311	123	0.424264	126	0.424264	72	0.424264	127	0.469042	138	0.479583	146	0.5	63	0.519615	119	0.538516	111	0.547723	113	0.556776	134	0.583095	73	0.608276	121	0.6245	91	0.6245	70	0.640312	78	0.648074	103	0.714143	147	0.72111	54	0.72111	137	0.734847	116	0.74162	55	0.774597	77	0.781025	56	0.787401	66	0.812404	68	0.812404	110	0.818535	128	0.830662	114	0.860233	58	0.883176	76	0.883176	132	0.883176	51	0.9	97	0.905539	84	0.905539	86	0.911043	87	0.921954	85	0.953939	90	0.959166	61	0.964365	74	0.969536	115	0.989949	75	1.00995	52	1.014889	96	1.029563	94
0.2	66	0.412311	55	0.479583	96	0.489898	88	0.509902	94	0.519615	90	0.519615	95	0.574456	99	0.583095	61	0.608276	78	0.685565	70	0.7	121	0.707107	59	0.714143	91	0.728011	85	0.734847	138	0.734847	106	0.74162	89	0.74162	63	0.812404	67	0.812404	92	0.812404	73	0.83666	82	0.83666	149	0.8544	97	0.860233	127	0.877496	101	0.877496	142	0.888819	53	0.9	69	0.905539	83	0.905539	71	0.916515	113	0.927362	126	0.948683	64	0.974679	56	1.00995	80	1.019804	51	1.044031	74	1.072381	123	1.1	133	1.104536	72	1.118034	119	1.122497	81	1.122497	54	1.131371	68	1.161895	87	1.17047	114	1.208305	75	1.212436	146
0.374166	56	0.424264	70	0.458258	51	0.469042	91	0.509902	78	0.519615	61	0.538516	138	0.574456	66	0.583095	63	0.608276	127	0.648074	97	0.707107	95	0.72111	96	0.728011	84	0.728011	126	0.734847	55	0.734847	74	0.754983	149	0.754983	75	0.754983	88	0.754983	73	0.793725	54	0.793725	86	0.793725	65	0.83666	99	0.842615	58	0.842615	71	0.883176	123	0.9	110	0.905539	133	0.911043	94	0.916515	121	0.921954	83	0.953939	77	0.989949	142	0.989949	101	1.024695	82	1.024695	67	1.029563	147	1.029563	90	1.034408	52	1.034408	72	1.044031	92	1.058301	50	1.063015	76	1.113553	146	1.135782	137	1.144552	113	1.144552	64	1.153256	115
0.282843	52	0.316228	58	0.316228	65	0.331662	50	0.34641	76	0.34641	75	0.374166	77	0.374166	54	0.374166	51	0.458258	56	0.574456	74	0.6245	91	0.640312	133	0.640312	63	0.663325	126	0.67082	123	0.678233	110	0.7	97	0.707107	127	0.734847	73	0.74162	147	0.748331	72	0.754983	78	0.774597	138	0.793725	85	0.866025	70	0.877496	146	0.877496	111	0.883176	116	0.905539	137	0.905539	83	0.916515	141	0.943398	139	0.948683	149	0.948683	145	0.948683	61	0.964365	87	0.989949	71	1.00995	112	1.048809	103	1.048809	115	1.048809	68	1.081665	55	1.122497	66	1.135782	101	1.135782	142	1.153256	96	1.161895	128	1.161895	95	1.178983	119
0.264575	68	0.574456	72	0.591608	62	0.608276	54	0.616441	97	0.616441	74	0.6245	73	0.67082	71	0.7	58	0.707107	119	0.707107	78	0.707107	63	0.714143	92	0.761577	91	0.768115	75	0.768115	67	0.787401	55	0.812404	123	0.818535	76	0.818535	126	0.818535	82	0.830662	94	0.83666	99	0.8544	61	0.860233	90	0.87178	96	0.87178	146	0.883176	133	0.894427	53	0.9	65	0.905539	69	0.911043	83	0.916515	89	0.932738	51	0.948683	95	0.964365	86	0.994987	138	1.014889	127	1.014889	66	1.024695	80	1.034408	88	1.081665	77	1.086278	56	1.109054	81	1.118034	113	1.122497	101	1.122497	142	1.135782	52	1.157584	111	1.161895	84
0.173205	96	0.173205	95	0.223607	99	0.316228	94	0.374166	61	0.424264	82	0.447214	66	0.458258	55	0.469042	67	0.469042	92	0.489898	84	0.509902	64	0.519615	89	0.519615	90	0.547723	71	0.547723	59	0.574456	69	0.608276	78	0.640312	97	0.707107	80	0.714143	91	0.714143	53	0.754983	85	0.787401	81	0.787401	79	0.793725	63	0.812404	73	0.830662	74	0.932738	70	0.938083	51	0.948683	138	0.948683	62	1.014889	56	1.029563	106	1.034408	87	1.048809	75	1.067708	54	1.067708	127	1.067708	126	1.081665	121	1.095445	68	1.122497	58	1.148913	65	1.157584	83	1.157584	149	1.191638	72	1.212436	123	1.220656	142	1.220656	101	1.249	113
0.2	53	0.244949	69	0.3	80	0.3	94	0.331662	92	0.374166	99	0.387298	59	0.387298	82	0.424264	90	0.43589	81	0.479583	67	0.489898	96	0.519615	88	0.574456	64	0.583095	95	0.616441	55	0.6245	79	0.655744	62	0.67082	71	0.7	61	0.74162	84	0.74162	66	0.83666	78	0.860233	97	0.877496	106	0.916515	60	0.916515	87	0.932738	68	0.932738	93	0.974679	57	0.974679	73	0.989949	91	1.00995	63	1.029563	74	1.095445	98	1.174734	119	1.178983	138	1.183216	121	1.183216	85	1.212436	126	1.220656	54	1.220656	72	1.236932	113	1.240967	70	1.260952	83	1.260952	51	1.276715	75	1.292285	127	1.30384	142	1.30384	101
0.264575	94	0.316228	55	0.424264	99	0.424264	96	0.424264	89	0.479583	67	0.489898	95	0.5	92	0.509902	53	0.519615	84	0.519615	66	0.519615	88	0.52915	69	0.591608	82	0.6245	59	0.640312	80	0.663325	78	0.67082	61	0.7	73	0.754983	71	0.754983	81	0.761577	63	0.774597	91	0.774597	97	0.781025	62	0.793725	106	0.860233	87	0.866025	68	0.866025	64	0.927362	119	0.943398	79	0.953939	83	0.959166	74	0.964365	138	0.969536	121	0.994987	72	1.019804	70	1.024695	126	1.024695	113	1.029563	85	1.03923	101	1.03923	142	1.063015	127	1.081665	54	1.081665	149	1.122497	133	1.122497	123	1.126943	51	1.161895	58	1.174734	56
0.141421	63	0.2	78	0.3	73	0.34641	97	0.387298	51	0.424264	56	0.447214	74	0.458258	61	0.458258	54	0.458258	138	0.469042	85	0.469042	55	0.5	126	0.5	127	0.519615	66	0.519615	58	0.52915	70	0.538516	75	0.583095	96	0.583095	133	0.6	95	0.616441	123	0.6245	86	0.6245	83	0.6245	72	0.640312	71	0.640312	65	0.67082	149	0.678233	99	0.714143	94	0.714143	84	0.714143	88	0.754983	76	0.761577	87	0.768115	67	0.774597	90	0.781025	77	0.806226	92	0.818535	68	0.824621	101	0.824621	142	0.83666	146	0.842615	82	0.860233	121	0.866025	52	0.9	110	0.905539	119	0.927362	50	0.938083	147	0.959166	111
0.141421	82	0.244949	67	0.264575	69	0.264575	99	0.316228	94	0.331662	89	0.374166	71	0.387298	96	0.424264	80	0.43589	53	0.458258	95	0.469042	88	0.489898	62	0.5	90	0.509902	81	0.547723	79	0.547723	64	0.547723	61	0.556776	55	0.591608	97	0.648074	59	0.685565	78	0.714143	87	0.734847	66	0.74162	74	0.787401	73	0.806226	91	0.812404	84	0.812404	68	0.842615	63	0.989949	54	1.0	75	1.029563	51	1.044031	85	1.048809	58	1.077033	72	1.095445	138	1.095445	126	1.122497	65	1.122497	93	1.135782	60	1.135782	119	1.148913	106	1.17047	70	1.174734	57	1.178983	56	1.191638	83	1.191638	127	1.195826	123	1.228821	98
0.141421	57	0.360555	60	0.387298	98	0.648074	81	0.72111	80	0.787401	79	0.848528	59	0.877496	69	0.911043	53	0.932738	89	0.948683	64	1.095445	82	1.122497	92	1.191638	94	1.2	67	1.212436	99	1.224745	62	1.256981	88	1.260952	90	1.322876	96	1.352775	95	1.407125	106	1.428286	71	1.506652	55	1.529706	84	1.536229	61	1.593738	66	1.7	97	1.729162	87	1.746425	78	1.772005	68	1.846619	74	1.860108	73	1.884144	91	1.920937	63	1.954482	23	1.962142	24	2.002498	85	2.004994	25	2.037155	119	2.042058	121	2.051828	30	2.092845	138	2.10238	75	2.10238	113	2.104757	29	2.107131	54	2.111871	26	2.111871	51	2.118962	43
0.173205	99	0.223607	96	0.264575	90	0.3	89	0.316228	88	0.316228	92	0.331662	95	0.331662	55	0.374166	82	0.374166	67	0.412311	69	0.458258	53	0.469042	61	0.469042	66	0.509902	84	0.509902	59	0.547723	80	0.547723	71	0.574456	78	0.632456	64	0.640312	97	0.663325	81	0.714143	91	0.72111	73	0.734847	62	0.74162	63	0.774597	79	0.830662	87	0.830662	74	0.860233	68	0.883176	106	0.911043	85	0.927362	138	0.974679	70	0.989949	126	0.994987	121	1.00995	54	1.00995	51	1.029563	83	1.029563	72	1.03923	127	1.044031	119	1.067708	75	1.086278	113	1.090871	56	1.095445	58	1.1	101	1.1	142	1.109054	123	1.113553	149
0.141421	96	0.173205	88	0.244949	99	0.331662	94	0.360555	61	0.374166	55	0.387298	67	0.43589	66	0.43589	82	0.458258	92	0.489898	90	0.5	71	0.519615	84	0.52915	78	0.52915	97	0.583095	89	0.6	91	0.6	69	0.6245	64	0.67082	73	0.678233	63	0.685565	59	0.707107	85	0.72111	74	0.754983	80	0.761577	53	0.830662	79	0.830662	81	0.842615	51	0.894427	70	0.9	62	0.9	138	0.927362	56	0.943398	75	0.948683	87	0.964365	54	0.994987	58	1.004988	126	1.004988	127	1.034408	68	1.044031	65	1.072381	83	1.086278	121	1.090871	72	1.1	149	1.109054	106	1.140175	123	1.140175	133	1.161895	86	1.183216	101
0.141421	99	0.141421	95	0.173205	88	0.223607	94	0.3	61	0.316228	55	0.387298	66	0.387298	82	0.387298	92	0.387298	67	0.424264	90	0.458258	71	0.469042	78	0.479583	84	0.489898	89	0.509902	97	0.547723	69	0.583095	91	0.608276	64	0.6245	59	0.648074	63	0.655744	73	0.663325	53	0.7	80	0.707107	74	0.72111	85	0.793725	81	0.818535	79	0.842615	62	0.842615	51	0.842615	138	0.860233	70	0.87178	87	0.921954	54	0.927362	56	0.932738	126	0.932738	68	0.932738	75	0.953939	127	0.984886	58	1.0	121	1.014889	83	1.024695	106	1.024695	72	1.044031	65	1.053565	149	1.067708	123	1.104536	142	1.104536	101	1.104536	133
0.2	74	0.331662	71	0.34641	91	0.34641	78	0.387298	61	0.424264	63	0.43589	75	0.43589	73	0.458258	51	0.479583	54	0.5	58	0.509902	96	0.52915	95	0.547723	99	0.547723	55	0.556776	65	0.574456	67	0.591608	92	0.608276	82	0.616441	87	0.640312	94	0.640312	88	0.648074	56	0.648074	85	0.67082	66	0.7	86	0.714143	126	0.74162	138	0.754983	68	0.754983	72	0.774597	90	0.793725	76	0.793725	127	0.812404	123	0.824621	70	0.83666	133	0.842615	62	0.848528	69	0.8544	84	0.860233	89	0.9	83	0.921954	64	0.948683	50	0.953939	77	0.964365	52	0.969536	53	0.994987	149	1.00995	146	1.014889	80	1.029563	119
0.387298	93	0.387298	57	0.72111	60	0.793725	79	0.818535	81	0.9	64	0.9	80	0.974679	59	1.029563	69	1.095445	89	1.113553	53	1.161895	82	1.228821	92	1.30384	99	1.322876	67	1.322876	88	1.330413	94	1.382027	62	1.414214	96	1.43527	95	1.459452	71	1.462874	90	1.577973	61	1.627882	106	1.640122	23	1.655295	55	1.658312	84	1.705872	66	1.708801	24	1.74069	25	1.760682	97	1.794436	30	1.794436	43	1.808314	26	1.838478	78	1.841195	44	1.843909	20	1.849324	29	1.865476	87	1.881489	45	1.892089	74	1.907878	31	1.910497	37	1.910497	9	1.910497	34	1.913113	1	1.915724	11	1.915724	3	1.926136	68	1.967232	39
0.141421	96	0.173205	94	0.223607	88	0.244949	95	0.264575	92	0.264575	82	0.331662	67	0.360555	61	0.374166	89	0.4	55	0.412311	71	0.424264	90	0.424264	69	0.5	66	0.519615	64	0.547723	78	0.547723	97	0.547723	53	0.556776	59	0.574456	80	0.574456	84	0.67082	81	0.678233	91	0.7	79	0.728011	73	0.734847	63	0.734847	74	0.74162	62	0.83666	87	0.83666	85	0.9	68	0.921954	51	0.932738	138	0.964365	54	0.969536	70	0.974679	75	0.994987	126	1.024695	106	1.029563	56	1.034408	58	1.044031	127	1.063015	72	1.067708	121	1.090871	83	1.090871	65	1.122497	123	1.140175	119	1.153256	149	1.174734	101	1.174734	142
0.424264	136	0.5	144	0.509902	104	0.556776	143	0.608276	140	0.640312	124	0.648074	148	0.707107	120	0.714143	132	0.74162	115	0.761577	128	0.866025	112	0.888819	137	0.9	103	0.932738	116	0.948683	102	0.953939	109	0.959166	139	0.964365	145	1.00995	147	1.053565	110	1.104536	111	1.118034	141	1.144552	125	1.148913	114	1.153256	108	1.24499	149	1.319091	107	1.322876	129	1.334166	101	1.334166	142	1.352775	130	1.352775	127	1.374773	77	1.378405	134	1.414214	146	1.43527	123	1.43527	133	1.438749	83	1.449138	70	1.449138	135	1.452584	138	1.479865	126	1.48324	121	1.5	113	1.516575	105	1.581139	56	1.615549	52	1.670329	117	1.688194	72
0.0	142	0.264575	113	0.316228	121	0.331662	149	0.360555	83	0.479583	138	0.479583	127	0.509902	114	0.519615	126	0.547723	123	0.547723	146	0.6	70	0.632456	111	0.648074	133	0.678233	119	0.7	72	0.734847	63	0.74162	103	0.774597	78	0.774597	134	0.774597	147	0.806226	66	0.812404	128	0.824621	91	0.830662	137	0.842615	132	0.860233	55	0.866025	73	0.866025	110	0.866025	116	0.877496	84	0.9	115	0.927362	56	0.948683	148	0.953939	54	0.964365	68	0.974679	77	0.989949	85	1.034408	145	1.034408	61	1.03923	90	1.063015	51	1.077033	104	1.095445	97	1.1	94	1.104536	96	1.113553	136	1.118034	106	1.122497	87	1.135782	112
0.387298	125	0.4	120	0.412311	143	0.458258	130	0.5	112	0.519615	129	0.538516	124	0.547723	107	0.547723	139	0.591608	140	0.616441	104	0.663325	135	0.67082	144	0.714143	108	0.754983	109	0.781025	116	0.787401	128	0.793725	132	0.830662	145	0.8544	141	0.860233	105	0.866025	137	0.911043	103	0.927362	147	0.948683	100	0.964365	115	0.989949	136	0.989949	111	1.024695	122	1.024695	110	1.063015	77	1.122497	148	1.187434	52	1.240967	131	1.249	118	1.284523	117	1.296148	133	1.319091	134	1.319091	146	1.349074	123	1.352775	76	1.403567	86	1.407125	50	1.445683	127	1.466288	126	1.473092	149	1.479865	83	1.5	72	1.555635	56	1.565248	54
0.244949	137	0.244949	116	0.331662	128	0.387298	111	0.424264	132	0.5	104	0.5	147	0.538516	134	0.591608	133	0.6	112	0.6	108	0.648074	149	0.648074	124	0.648074	83	0.648074	110	0.663325	115	0.728011	146	0.728011	139	0.728011	123	0.734847	77	0.734847	127	0.74162	101	0.74162	142	0.74162	148	0.748331	140	0.761577	145	0.781025	136	0.812404	126	0.824621	143	0.842615	120	0.860233	72	0.860233	138	0.9	100	0.905539	144	0.911043	102	0.932738	114	0.943398	70	0.948683	141	0.948683	129	0.959166	113	0.989949	52	1.004988	56	1.004988	63	1.014889	119	1.014889	121	1.029563	76	1.029563	125	1.048809	86	1.067708	54	1.1	91
0.3	132	0.316228	128	0.360555	140	0.387298	124	0.387298	143	0.43589	112	0.469042	120	0.479583	144	0.5	116	0.5	103	0.509902	100	0.519615	137	0.52915	136	0.556776	115	0.583095	139	0.616441	102	0.632456	147	0.640312	145	0.648074	148	0.663325	111	0.67082	108	0.754983	110	0.818535	141	0.8544	125	0.921954	129	0.964365	77	1.0	134	1.004988	149	1.00995	146	1.014889	109	1.014889	130	1.029563	107	1.029563	133	1.029563	114	1.048809	123	1.063015	127	1.077033	142	1.077033	101	1.090871	83	1.135782	126	1.187434	138	1.212436	52	1.240967	135	1.249	70	1.252996	113	1.260952	72	1.30384	121	1.30384	56	1.322876	86	1.330413	76
0.264575	122	0.52915	107	0.547723	135	0.547723	118	0.608276	130	0.806226	125	0.818535	117	0.860233	102	0.883176	131	0.964365	109	1.024695	129	1.1	143	1.174734	120	1.30767	124	1.337909	108	1.360147	112	1.363818	104	1.367479	144	1.382027	140	1.392839	139	1.516575	100	1.574802	128	1.577973	132	1.584298	116	1.658312	137	1.670329	103	1.670329	141	1.676305	145	1.714643	136	1.783255	147	1.791647	115	1.805547	111	1.873499	110	1.878829	77	1.897367	148	1.936492	52	1.974842	134	2.083267	133	2.1	76	2.12132	50	2.130728	146	2.181742	123	2.188607	86	2.269361	83	2.278157	72	2.286919	149	2.286919	127	2.308679	126	2.368544	54	2.370654	101
0.734847	84	0.761577	59	0.793725	90	0.877496	89	0.883176	94	0.883176	66	0.9	53	0.911043	121	0.943398	55	0.989949	113	1.024695	99	1.024695	96	1.029563	88	1.1	69	1.104536	80	1.109054	95	1.118034	101	1.118034	142	1.148913	92	1.174734	61	1.187434	78	1.208305	82	1.224745	81	1.224745	67	1.249	138	1.260952	70	1.260952	119	1.272792	64	1.272792	149	1.272792	83	1.315295	63	1.322876	114	1.322876	60	1.337909	91	1.349074	73	1.349074	68	1.363818	127	1.371131	126	1.392839	57	1.392839	71	1.407125	93	1.424781	85	1.428286	62	1.431782	97	1.462874	79	1.469694	72	1.473092	123	1.473092	87	1.5	146	1.565248	133
0.264575	130	0.43589	125	0.52915	105	0.547723	102	0.556776	129	0.608276	122	0.678233	135	0.866025	143	0.877496	108	0.927362	120	0.927362	118	0.984886	124	0.994987	112	1.014889	109	1.029563	104	1.048809	139	1.104536	131	1.118034	140	1.135782	117	1.135782	116	1.17047	144	1.183216	128	1.212436	132	1.220656	103	1.220656	137	1.319091	100	1.352775	145	1.363818	111	1.374773	141	1.378405	147	1.438749	77	1.449138	136	1.466288	115	1.476482	134	1.486607	110	1.5	52	1.587451	148	1.593738	133	1.634013	76	1.691153	146	1.702939	50	1.732051	123	1.746425	86	1.791647	72	1.791647	83	1.846619	127	1.846619	149	1.862794	126	1.905256	58	1.905256	54
0.556776	128	0.6	103	0.616441	132	0.616441	116	0.6245	111	0.663325	112	0.67082	104	0.714143	102	0.734847	137	0.734847	129	0.754983	134	0.806226	139	0.824621	130	0.830662	147	0.860233	124	0.87178	143	0.87178	140	0.877496	107	0.883176	125	0.888819	120	0.9	146	0.911043	133	0.927362	145	0.948683	77	1.004988	123	1.029563	110	1.029563	83	1.029563	72	1.03923	115	1.067708	144	1.067708	141	1.122497	76	1.140175	52	1.144552	119	1.153256	100	1.157584	126	1.161895	142	1.161895	101	1.17047	136	1.174734	149	1.191638	127	1.212436	148	1.260952	135	1.28841	86	1.28841	54	1.296148	113	1.319091	138	1.322876	114	1.337909	105	1.363818	58
0.632456	143	0.67082	120	0.707107	144	0.754983	102	0.806226	135	0.812404	125	0.812404	124	0.860233	117	0.87178	140	0.932738	131	0.953939	100	0.964365	105	0.994987	139	1.014889	107	1.014889	104	1.019804	112	1.019804	130	1.053565	136	1.122497	129	1.174734	141	1.208305	145	1.216553	115	1.224745	122	1.252996	148	1.272792	132	1.3	128	1.30384	116	1.319091	137	1.378405	110	1.382027	147	1.389244	118	1.428286	108	1.428286	103	1.565248	111	1.568439	77	1.667333	52	1.835756	50	1.857418	133	1.860108	86	1.870829	127	1.881489	149	1.884144	123	1.89473	146	1.9	114	1.915724	134	1.915724	56	1.923538	76	1.954482	126	1.994994	138	2.007486	70
0.223607	147	0.374166	115	0.424264	77	0.424264	145	0.469042	137	0.489898	116	0.509902	141	0.519615	139	0.52915	127	0.547723	112	0.556776	148	0.556776	111	0.608276	56	0.608276	123	0.616441	126	0.648074	124	0.648074	138	0.648074	103	0.655744	128	0.663325	149	0.67082	133	0.678233	132	0.678233	86	0.678233	140	0.678233	52	0.7	136	0.7	70	0.74162	146	0.754983	104	0.781025	120	0.787401	51	0.812404	54	0.812404	144	0.812404	83	0.83666	76	0.866025	101	0.866025	142	0.877496	63	0.877496	50	0.9	91	0.9	85	0.9	114	0.905539	72	0.905539	143	0.916515	58	0.948683	75	0.948683	65	0.974679	78	1.004988	121	1.024695	102
0.34641	147	0.374166	128	0.374166	146	0.387298	103	0.387298	116	0.424264	123	0.43589	132	0.458258	137	0.469042	133	0.538516	83	0.556776	126	0.556776	77	0.556776	110	0.574456	112	0.591608	145	0.591608	127	0.608276	72	0.6245	149	0.6245	108	0.632456	142	0.632456	101	0.640312	115	0.663325	104	0.663325	134	0.678233	139	0.714143	138	0.768115	140	0.781025	141	0.793725	113	0.806226	124	0.812404	119	0.812404	114	0.818535	76	0.818535	54	0.83666	148	0.8544	52	0.860233	63	0.87178	70	0.877496	86	0.905539	120	0.905539	56	0.905539	121	0.916515	136	0.959166	91	0.964365	143	0.964365	58	0.974679	73	0.984886	144	0.989949	102	1.0	78
0.173205	139	0.34641	140	0.360555	120	0.374166	145	0.374166	124	0.424264	116	0.43589	147	0.43589	104	0.458258	128	0.469042	132	0.469042	141	0.489898	143	0.5	102	0.509902	137	0.52915	115	0.547723	144	0.547723	110	0.574456	111	0.6	103	0.648074	77	0.663325	108	0.707107	129	0.714143	136	0.734847	125	0.754983	148	0.860233	52	0.866025	100	0.888819	146	0.888819	123	0.894427	130	0.9	133	0.969536	127	0.989949	126	0.994987	107	1.00995	86	1.00995	76	1.019804	109	1.029563	149	1.067708	83	1.072381	134	1.1	50	1.1	135	1.104536	72	1.104536	138	1.109054	56	1.135782	101	1.135782	142	1.135782	114	1.140175	54	1.195826	70
0.264575	101	0.264575	142	0.331662	121	0.519615	114	0.547723	83	0.583095	149	0.608276	146	0.648074	138	0.648074	126	0.655744	119	0.67082	123	0.678233	127	0.781025	70	0.787401	72	0.793725	111	0.842615	133	0.866025	78	0.87178	66	0.877496	63	0.911043	55	0.916515	68	0.916515	84	0.943398	134	0.959166	103	0.964365	147	0.964365	91	0.974679	128	0.989949	106	0.989949	73	0.989949	132	1.024695	90	1.067708	110	1.067708	137	1.067708	54	1.077033	115	1.086278	116	1.086278	94	1.086278	61	1.118034	56	1.118034	87	1.135782	96	1.144552	85	1.144552	148	1.157584	77	1.174734	145	1.178983	99	1.178983	97	1.216553	51	1.236932	89	1.236932	95
0.489898	121	0.509902	101	0.509902	142	0.519615	113	0.640312	149	0.728011	138	0.728011	127	0.754983	115	0.774597	146	0.781025	126	0.787401	148	0.787401	70	0.806226	132	0.812404	123	0.812404	111	0.830662	83	0.83666	128	0.83666	147	0.9	110	0.927362	136	0.932738	103	0.932738	145	0.984886	137	1.024695	116	1.029563	133	1.029563	104	1.072381	140	1.090871	72	1.104536	119	1.104536	78	1.118034	66	1.122497	63	1.135782	112	1.140175	56	1.144552	141	1.148913	100	1.161895	77	1.17047	84	1.174734	91	1.174734	134	1.183216	85	1.195826	144	1.216553	139	1.228821	124	1.24499	54	1.256981	55	1.292285	61	1.3	68	1.3	73	1.3	51
0.3	148	0.374166	110	0.374166	145	0.387298	136	0.387298	147	0.447214	140	0.509902	132	0.52915	112	0.538516	128	0.547723	137	0.547723	141	0.547723	144	0.547723	124	0.556776	104	0.556776	139	0.583095	116	0.640312	111	0.640312	120	0.663325	103	0.72111	143	0.734847	127	0.74162	100	0.754983	114	0.761577	77	0.761577	149	0.818535	123	0.83666	138	0.83666	126	0.866025	146	0.866025	70	0.9	101	0.9	142	0.921954	133	0.932738	56	0.964365	102	0.969536	83	1.024695	121	1.029563	52	1.03923	108	1.048809	86	1.077033	113	1.131371	51	1.140175	72	1.140175	54	1.153256	85	1.161895	63	1.161895	134	1.174734	76	1.174734	125	1.191638	129
0.141421	137	0.244949	103	0.360555	147	0.387298	128	0.387298	111	0.424264	112	0.469042	132	0.489898	110	0.5	104	0.509902	124	0.519615	139	0.547723	77	0.574456	133	0.583095	115	0.616441	145	0.616441	108	0.648074	140	0.7	134	0.7	123	0.7	120	0.714143	148	0.72111	127	0.72111	149	0.734847	83	0.734847	143	0.74162	146	0.754983	136	0.761577	141	0.781025	102	0.787401	129	0.787401	52	0.787401	126	0.812404	144	0.860233	72	0.860233	138	0.866025	101	0.866025	142	0.883176	86	0.883176	125	0.883176	76	0.9	56	0.932738	100	0.943398	70	0.969536	54	0.984886	63	1.024695	114	1.03923	58	1.044031	50	1.063015	91	1.067708	51
0.412311	131	0.818535	105	0.860233	109	1.004988	135	1.019804	122	1.122497	125	1.135782	107	1.220656	118	1.240967	130	1.284523	102	1.349074	143	1.417745	120	1.43527	129	1.50333	124	1.529706	144	1.655295	140	1.670329	100	1.68226	139	1.7	104	1.702939	112	1.835756	136	1.913113	108	1.918333	116	1.923538	141	1.944222	137	1.974842	145	1.974842	132	1.977372	128	2.004994	115	2.027313	148	2.034699	103	2.090454	147	2.097618	110	2.186321	77	2.204541	52	2.22486	111	2.343075	50	2.418677	134	2.445404	86	2.45153	133	2.461707	76	2.563201	123	2.563201	56	2.569047	149	2.569047	127	2.574879	146	2.649528	126	2.649528	83	2.685144	114	2.690725	58
0.412311	122	0.547723	105	0.894427	135	0.927362	107	0.964365	130	1.220656	117	1.249	102	1.292285	125	1.349074	131	1.389244	109	1.452584	129	1.473092	143	1.56205	120	1.571623	108	1.679286	104	1.717556	140	1.723369	144	1.723369	124	1.723369	112	1.783255	139	1.81659	100	1.852026	132	1.860108	128	1.951922	116	1.997498	103	2.012461	145	2.03224	141	2.037155	137	2.073644	136	2.10238	111	2.140093	147	2.147091	115	2.249444	134	2.26495	77	2.26495	110	2.267157	148	2.351595	52	2.39583	146	2.424871	133	2.463737	76	2.493993	123	2.54951	50	2.570992	72	2.574879	83	2.594224	86	2.624881	149	2.626785	114	2.636285	126	2.640076	127	2.649528	101
0.43589	72	0.519615	83	0.538516	68	0.583095	146	0.655744	113	0.663325	123	0.678233	142	0.678233	133	0.678233	101	0.707107	87	0.728011	126	0.734847	134	0.74162	73	0.774597	63	0.812404	111	0.860233	55	0.860233	78	0.866025	149	0.866025	127	0.877496	54	0.877496	138	0.883176	121	0.905539	91	0.927362	90	1.014889	103	1.024695	76	1.024695	58	1.024695	66	1.029563	97	1.044031	94	1.067708	70	1.081665	77	1.086278	74	1.086278	147	1.104536	114	1.109054	116	1.113553	128	1.118034	84	1.118034	62	1.122497	96	1.135782	61	1.135782	92	1.140175	53	1.140175	99	1.144552	137	1.144552	108	1.161895	67	1.17047	132	1.17047	75	1.174734	89
0.223607	143	0.264575	140	0.3	124	0.3	144	0.360555	112	0.374166	139	0.4	102	0.469042	104	0.574456	145	0.608276	141	0.640312	115	0.648074	136	0.655744	125	0.655744	132	0.67082	109	0.678233	128	0.7	116	0.707107	100	0.734847	147	0.74162	137	0.781025	110	0.787401	148	0.793725	129	0.842615	103	0.8544	130	0.888819	108	0.905539	111	0.916515	135	0.927362	107	0.964365	77	1.135782	52	1.174734	105	1.224745	123	1.224745	146	1.232883	133	1.252996	127	1.284523	149	1.3	86	1.30767	126	1.319091	114	1.337909	76	1.349074	50	1.349074	134	1.363818	56	1.374773	122	1.382027	83	1.382027	138	1.392839	131	1.407125	142	1.407125	101
0.316228	101	0.316228	142	0.331662	113	0.458258	149	0.489898	114	0.5	138	0.547723	70	0.574456	127	0.608276	83	0.640312	126	0.67082	66	0.7	84	0.734847	123	0.761577	78	0.774597	146	0.812404	63	0.812404	55	0.860233	91	0.883176	133	0.883176	119	0.905539	111	0.911043	106	0.911043	72	0.916515	85	0.932738	61	0.964365	73	0.969536	147	0.969536	56	0.969536	90	0.994987	94	1.0	96	1.004988	110	1.014889	103	1.024695	115	1.029563	148	1.063015	137	1.063015	68	1.067708	134	1.067708	99	1.067708	128	1.072381	54	1.081665	88	1.081665	132	1.086278	95	1.1	51	1.104536	97	1.118034	116	1.161895	77	1.183216	89	1.195826	145
0.264575	105	0.412311	118	0.608276	107	0.678233	130	0.7	135	0.969536	125	1.019804	117	1.024695	102	1.063015	131	1.122497	129	1.224745	109	1.30384	143	1.374773	120	1.392839	108	1.50333	124	1.516575	112	1.526434	104	1.558846	139	1.568439	140	1.581139	144	1.705872	128	1.714643	132	1.717556	100	1.720465	116	1.794436	103	1.805547	137	1.838478	145	1.838478	141	1.915724	111	1.920937	136	1.931321	147	1.974842	115	2.004994	77	2.039608	110	2.042058	134	2.054264	52	2.095233	148	2.184033	133	2.186321	76	2.22486	146	2.238303	50	2.291288	123	2.310844	86	2.35372	72	2.370654	83	2.424871	127	2.424871	149	2.428992	126	2.469818	54	2.473863	58
0.173205	126	0.244949	146	0.360555	72	0.360555	127	0.374166	133	0.412311	83	0.424264	111	0.43589	138	0.479583	54	0.509902	147	0.519615	77	0.52915	63	0.538516	149	0.547723	142	0.547723	101	0.608276	110	0.616441	78	0.616441	91	0.648074	70	0.655744	76	0.663325	119	0.663325	56	0.67082	73	0.67082	86	0.67082	113	0.685565	58	0.7	116	0.714143	68	0.714143	51	0.728011	137	0.728011	103	0.734847	121	0.768115	75	0.768115	145	0.774597	128	0.781025	52	0.812404	87	0.812404	97	0.812404	74	0.812404	114	0.818535	132	0.818535	115	0.83666	134	0.8544	65	0.883176	55	0.883176	85	0.888819	112	0.9	141	0.911043	61	0.911043	66
0.3	120	0.316228	143	0.374166	112	0.374166	140	0.387298	104	0.4	144	0.412311	139	0.509902	137	0.509902	116	0.519615	136	0.538516	102	0.547723	115	0.591608	128	0.6	132	0.616441	145	0.6245	148	0.6245	147	0.640312	100	0.648074	103	0.648074	110	0.663325	125	0.69282	141	0.774597	129	0.806226	111	0.812404	109	0.860233	108	0.860233	77	0.969536	130	0.984886	107	1.03923	52	1.063015	133	1.086278	149	1.086278	127	1.118034	123	1.135782	135	1.153256	146	1.161895	134	1.183216	86	1.183216	126	1.187434	56	1.208305	83	1.216553	138	1.228821	114	1.24499	70	1.249	76	1.252996	142	1.252996	101	1.260952	50	1.30767	105	1.341641	72
0.34641	129	0.387298	102	0.43589	107	0.469042	130	0.648074	143	0.655744	120	0.663325	124	0.734847	112	0.74162	135	0.74162	139	0.806226	105	0.812404	109	0.8544	104	0.883176	140	0.883176	116	0.883176	108	0.916515	144	0.948683	137	0.969536	122	1.024695	131	1.024695	128	1.029563	103	1.058301	132	1.077033	141	1.086278	145	1.1	147	1.122497	117	1.140175	77	1.144552	100	1.157584	110	1.17047	136	1.174734	115	1.178983	111	1.183216	52	1.284523	148	1.292285	118	1.367479	133	1.374773	134	1.374773	50	1.385641	76	1.428286	86	1.506652	123	1.519868	146	1.568439	127	1.593738	149	1.593738	83	1.596872	56	1.612452	72	1.612452	126	1.630951	58
0.173205	123	0.244949	127	0.282843	138	0.387298	146	0.424264	83	0.43589	133	0.43589	63	0.447214	72	0.469042	54	0.469042	149	0.479583	78	0.5	70	0.5	91	0.519615	142	0.519615	101	0.556776	111	0.556776	56	0.574456	147	0.583095	77	0.616441	110	0.616441	51	0.616441	73	0.640312	121	0.648074	113	0.663325	86	0.678233	58	0.714143	97	0.72111	76	0.72111	75	0.728011	119	0.728011	85	0.734847	68	0.74162	74	0.761577	66	0.761577	61	0.768115	55	0.781025	114	0.787401	137	0.787401	116	0.812404	103	0.812404	65	0.818535	87	0.824621	52	0.83666	115	0.83666	145	0.877496	128	0.916515	132	0.921954	134	0.927362	84	0.932738	96
0.141421	138	0.244949	126	0.282843	149	0.3	70	0.360555	123	0.424264	83	0.458258	133	0.458258	63	0.458258	56	0.479583	101	0.479583	142	0.5	91	0.519615	78	0.52915	110	0.538516	147	0.556776	146	0.574456	121	0.591608	111	0.608276	85	0.616441	77	0.616441	54	0.616441	72	0.616441	51	0.663325	73	0.678233	137	0.678233	113	0.707107	86	0.707107	66	0.72111	116	0.728011	114	0.734847	103	0.734847	115	0.774597	58	0.781025	55	0.787401	61	0.793725	97	0.812404	75	0.818535	148	0.83666	145	0.83666	76	0.842615	128	0.842615	74	0.860233	52	0.860233	84	0.866025	119	0.883176	132	0.883176	65	0.9	134	0.948683	68	0.953939	96
0.1	132	0.316228	104	0.331662	103	0.374166	111	0.387298	116	0.43589	137	0.458258	112	0.469042	147	0.519615	140	0.538516	115	0.556776	108	0.574456	145	0.591608	124	0.616441	139	0.655744	110	0.67082	143	0.678233	136	0.678233	120	0.69282	148	0.707107	146	0.714143	144	0.761577	100	0.774597	123	0.787401	134	0.787401	102	0.787401	133	0.793725	141	0.793725	149	0.806226	77	0.812404	142	0.812404	101	0.818535	83	0.83666	114	0.842615	127	0.877496	126	0.964365	138	0.974679	72	0.974679	113	0.984886	129	1.024695	125	1.067708	70	1.067708	121	1.090871	52	1.113553	119	1.135782	130	1.135782	76	1.148913	56	1.161895	86	1.17047	54	1.183216	107
0.34641	125	0.509902	130	0.519615	102	0.556776	107	0.707107	112	0.714143	139	0.734847	108	0.774597	124	0.787401	116	0.793725	120	0.83666	143	0.883176	137	0.911043	135	0.921954	104	0.948683	77	0.948683	103	0.959166	52	0.969536	140	0.984886	128	1.004988	147	1.024695	105	1.034408	111	1.03923	132	1.03923	141	1.048809	145	1.077033	144	1.086278	110	1.113553	76	1.122497	109	1.122497	122	1.153256	50	1.161895	133	1.191638	115	1.204159	134	1.216553	86	1.284523	136	1.284523	131	1.322876	100	1.322876	123	1.337909	146	1.345362	148	1.371131	72	1.378405	58	1.407125	54	1.421267	83	1.43527	117	1.43527	127	1.442221	126	1.452584	118	1.452584	56
0.264575	107	0.458258	102	0.469042	125	0.509902	129	0.538516	135	0.608276	105	0.678233	122	0.824621	108	0.848528	143	0.8544	120	0.894427	112	0.932738	139	0.964365	118	0.969536	124	1.014889	104	1.019804	109	1.03923	140	1.104536	116	1.122497	144	1.135782	128	1.157584	132	1.161895	131	1.208305	137	1.216553	103	1.224745	145	1.224745	141	1.240967	117	1.284523	111	1.292285	147	1.334166	77	1.352775	100	1.392839	52	1.4	115	1.407125	110	1.438749	136	1.493318	134	1.516575	76	1.53948	133	1.565248	148	1.584298	146	1.590597	50	1.634013	123	1.643168	86	1.702939	72	1.749286	83	1.772005	126	1.783255	127	1.794436	54	1.805547	58	1.81659	149
0.412311	117	0.883176	105	0.927362	135	0.932738	109	1.024695	125	1.063015	122	1.104536	107	1.161895	130	1.240967	102	1.284523	129	1.349074	118	1.382027	143	1.392839	120	1.479865	124	1.558846	144	1.581139	139	1.634013	112	1.652271	140	1.732051	104	1.794436	100	1.808314	141	1.857418	116	1.876166	136	1.878829	108	1.89473	137	1.9	145	1.974842	128	1.977372	115	1.982423	132	1.997498	52	2.002498	110	2.009975	147	2.012461	103	2.03224	77	2.034699	148	2.10238	50	2.163331	111	2.251666	86	2.26495	76	2.345208	133	2.383275	134	2.420744	56	2.461707	123	2.483948	127	2.493993	146	2.495997	58	2.507987	65	2.523886	149	2.539685	54	2.543619	51
0.1	128	0.3	104	0.424264	103	0.43589	111	0.469042	112	0.469042	116	0.469042	140	0.5	147	0.509902	137	0.509902	115	0.547723	145	0.6	124	0.616441	108	0.6245	139	0.640312	136	0.648074	143	0.655744	120	0.663325	144	0.67082	148	0.678233	110	0.714143	100	0.74162	146	0.774597	141	0.793725	102	0.806226	114	0.818535	123	0.83666	149	0.842615	142	0.842615	101	0.860233	77	0.866025	133	0.877496	134	0.883176	83	0.883176	127	0.916515	126	0.989949	113	1.0	138	1.03923	129	1.03923	72	1.058301	125	1.081665	121	1.1	70	1.148913	52	1.157584	130	1.17047	119	1.195826	56	1.2	76	1.212436	107	1.216553	86	1.224745	54
0.331662	83	0.360555	72	0.374166	123	0.43589	126	0.458258	127	0.469042	63	0.469042	111	0.5	77	0.509902	146	0.538516	149	0.538516	73	0.538516	54	0.556776	138	0.574456	116	0.583095	147	0.583095	91	0.583095	134	0.591608	137	0.591608	103	0.591608	76	0.6245	58	0.640312	86	0.648074	56	0.648074	142	0.648074	101	0.67082	110	0.678233	78	0.678233	119	0.7	52	0.707107	70	0.728011	51	0.787401	128	0.793725	75	0.83666	97	0.83666	74	0.842615	113	0.8544	68	0.866025	132	0.866025	65	0.87178	55	0.883176	121	0.883176	87	0.9	112	0.905539	85	0.905539	50	0.911043	108	0.921954	145	0.921954	115	0.943398	66	0.948683	139
0.538516	103	0.556776	83	0.583095	133	0.663325	111	0.7	116	0.714143	137	0.734847	119	0.74162	72	0.754983	108	0.774597	101	0.774597	142	0.781025	149	0.787401	128	0.812404	146	0.83666	123	0.877496	132	0.9	127	0.916515	147	0.921954	126	0.943398	73	0.943398	113	0.948683	63	0.984886	77	0.984886	138	1.0	104	1.063015	110	1.067708	121	1.072381	112	1.077033	91	1.081665	76	1.095445	70	1.1	54	1.148913	78	1.161895	58	1.161895	115	1.161895	124	1.174734	56	1.174734	114	1.178983	52	1.178983	68	1.191638	55	1.191638	139	1.195826	86	1.204159	129	1.220656	145	1.224745	148	1.256981	87	1.268858	140	1.276715	66	1.292285	51
0.538516	130	0.547723	105	0.663325	102	0.678233	107	0.7	122	0.74162	125	0.806226	109	0.894427	118	0.911043	129	0.916515	120	0.927362	131	0.943398	143	1.004988	117	1.086278	139	1.1	112	1.126943	140	1.135782	124	1.135782	144	1.240967	104	1.260952	108	1.284523	141	1.345362	145	1.410674	132	1.421267	128	1.431782	116	1.449138	100	1.519868	137	1.529706	147	1.53948	115	1.542725	136	1.571623	103	1.603122	77	1.603122	110	1.606238	111	1.652271	52	1.702939	148	1.81659	50	1.830301	76	1.892089	146	1.9	86	1.907878	133	1.933908	123	1.944222	134	2.056696	126	2.061553	127	2.071232	72	2.090454	54	2.114237	83	2.114237	58	2.118962	149
0.244949	148	0.387298	115	0.424264	100	0.43589	144	0.5	140	0.519615	124	0.52915	104	0.6245	143	0.640312	132	0.648074	120	0.678233	128	0.685565	137	0.7	145	0.7	110	0.714143	112	0.72111	147	0.754983	116	0.761577	139	0.781025	103	0.842615	141	0.916515	111	0.927362	114	0.964365	149	0.989949	102	1.024695	127	1.053565	109	1.081665	77	1.095445	70	1.113553	101	1.113553	142	1.118034	138	1.157584	123	1.17047	126	1.17047	125	1.17047	108	1.191638	133	1.191638	146	1.208305	56	1.212436	83	1.224745	121	1.284523	129	1.296148	134	1.3	113	1.322876	52	1.367479	86	1.392839	85	1.438749	130	1.438749	51	1.449138	63	1.449138	107
0.141421	116	0.244949	103	0.387298	147	0.43589	128	0.458258	111	0.469042	110	0.509902	112	0.509902	124	0.509902	132	0.519615	104	0.547723	115	0.591608	133	0.591608	139	0.6	77	0.6245	148	0.648074	149	0.663325	145	0.678233	127	0.678233	140	0.685565	136	0.714143	134	0.72111	83	0.728011	123	0.734847	108	0.74162	120	0.761577	143	0.787401	126	0.793725	146	0.812404	138	0.812404	144	0.812404	141	0.830662	101	0.830662	142	0.83666	52	0.8544	56	0.866025	102	0.866025	70	0.883176	129	0.888819	100	0.905539	72	0.905539	86	0.948683	125	0.948683	76	0.964365	63	0.984886	114	1.0	54	1.034408	91	1.048809	51	1.063015	121	1.067708	113
0.141421	127	0.223607	70	0.282843	126	0.316228	149	0.43589	78	0.43589	123	0.43589	63	0.458258	91	0.469042	83	0.479583	101	0.479583	142	0.479583	56	0.5	121	0.538516	85	0.556776	133	0.583095	66	0.616441	51	0.6245	146	0.648074	113	0.648074	110	0.648074	54	0.648074	73	0.663325	72	0.67082	147	0.678233	61	0.685565	55	0.714143	111	0.728011	114	0.734847	77	0.734847	84	0.74162	97	0.774597	86	0.812404	137	0.812404	58	0.818535	74	0.824621	75	0.83666	115	0.842615	96	0.860233	116	0.860233	103	0.877496	119	0.9	148	0.9	95	0.905539	65	0.916515	76	0.927362	68	0.927362	94	0.932738	99	0.948683	145	0.948683	88
0.173205	112	0.360555	141	0.360555	145	0.374166	120	0.412311	140	0.412311	124	0.469042	147	0.519615	116	0.519615	110	0.547723	102	0.556776	143	0.556776	115	0.574456	144	0.583095	104	0.591608	137	0.608276	77	0.616441	128	0.6245	132	0.678233	111	0.714143	129	0.728011	103	0.74162	125	0.761577	136	0.781025	52	0.787401	148	0.806226	108	0.927362	123	0.932738	130	0.943398	86	0.948683	133	0.959166	100	0.959166	146	0.974679	76	0.994987	109	0.994987	127	1.0	50	1.014889	126	1.048809	107	1.067708	56	1.086278	135	1.090871	149	1.118034	54	1.126943	138	1.144552	83	1.153256	72	1.187434	58	1.191638	134	1.195826	51	1.208305	70	1.216553	114
0.244949	144	0.264575	120	0.34641	112	0.34641	143	0.360555	104	0.374166	124	0.412311	139	0.424264	145	0.447214	115	0.469042	132	0.5	136	0.519615	128	0.547723	141	0.591608	102	0.608276	147	0.608276	100	0.6245	148	0.648074	116	0.678233	137	0.678233	110	0.748331	103	0.768115	111	0.87178	109	0.87178	108	0.883176	125	0.927362	77	0.969536	129	1.03923	130	1.063015	146	1.072381	114	1.081665	123	1.104536	127	1.118034	107	1.122497	149	1.126943	135	1.144552	133	1.157584	126	1.157584	52	1.212436	101	1.212436	142	1.224745	138	1.240967	83	1.268858	134	1.272792	86	1.284523	70	1.284523	56	1.319091	76	1.349074	72	1.371131	113	1.382027	105
0.244949	145	0.360555	139	0.469042	112	0.509902	110	0.519615	147	0.547723	115	0.547723	140	0.608276	120	0.648074	77	0.69282	144	0.69282	124	0.761577	116	0.774597	132	0.781025	111	0.793725	128	0.812404	137	0.812404	143	0.818535	104	0.818535	148	0.824621	52	0.842615	136	0.8544	102	0.9	123	0.916515	86	0.943398	146	0.948683	103	0.959166	126	0.969536	127	0.994987	50	1.0	76	1.024695	56	1.03923	129	1.044031	133	1.067708	54	1.067708	108	1.077033	125	1.077033	138	1.118034	100	1.122497	149	1.122497	51	1.144552	114	1.157584	65	1.161895	70	1.174734	109	1.174734	58	1.183216	75	1.183216	72	1.208305	83	1.224745	130	1.236932	101
0.0	142	0.264575	113	0.316228	121	0.331662	149	0.360555	83	0.479583	138	0.479583	127	0.509902	114	0.519615	126	0.547723	123	0.547723	146	0.6	70	0.632456	111	0.648074	133	0.678233	119	0.7	72	0.734847	63	0.74162	103	0.774597	147	0.774597	78	0.774597	134	0.806226	66	0.812404	128	0.824621	91	0.830662	137	0.842615	132	0.860233	55	0.866025	73	0.866025	110	0.866025	116	0.877496	84	0.9	115	0.927362	56	0.948683	148	0.953939	54	0.964365	68	0.974679	77	0.989949	85	1.034408	145	1.034408	61	1.03923	90	1.063015	51	1.077033	104	1.095445	97	1.1	94	1.104536	96	1.113553	136	1.118034	106	1.122497	87	1.135782	112
0.223607	120	0.316228	124	0.316228	144	0.34641	140	0.387298	104	0.412311	102	0.489898	112	0.556776	100	0.556776	139	0.6245	136	0.632456	109	0.648074	125	0.648074	132	0.67082	128	0.72111	115	0.734847	116	0.734847	145	0.761577	137	0.806226	148	0.812404	141	0.824621	103	0.83666	129	0.842615	147	0.848528	130	0.866025	107	0.87178	108	0.905539	110	0.943398	135	0.964365	111	1.1	105	1.104536	77	1.28841	52	1.3	133	1.30384	122	1.30767	146	1.319091	149	1.322876	134	1.322876	123	1.334166	127	1.345362	114	1.349074	117	1.382027	131	1.407125	126	1.421267	83	1.431782	101	1.431782	142	1.449138	86	1.462874	138	1.473092	118	1.476482	76
0.244949	140	0.3	120	0.316228	143	0.4	124	0.43589	136	0.479583	104	0.5	100	0.547723	112	0.547723	115	0.574456	139	0.616441	145	0.6245	148	0.663325	132	0.67082	102	0.69282	141	0.707107	109	0.714143	128	0.793725	147	0.812404	116	0.812404	110	0.812404	137	0.905539	103	0.916515	125	0.984886	111	1.067708	108	1.077033	129	1.104536	77	1.122497	130	1.135782	135	1.17047	107	1.195826	114	1.256981	149	1.256981	127	1.284523	146	1.284523	123	1.311488	52	1.330413	133	1.341641	126	1.367479	105	1.371131	138	1.374773	142	1.374773	101	1.396424	70	1.403567	56	1.421267	83	1.428286	86	1.438749	134	1.509967	76	1.519868	50	1.529706	117
0.244949	141	0.360555	147	0.360555	139	0.374166	112	0.374166	115	0.424264	110	0.424264	140	0.547723	132	0.574456	128	0.574456	120	0.591608	111	0.616441	124	0.616441	144	0.616441	116	0.632456	77	0.640312	104	0.663325	137	0.67082	148	0.7	136	0.734847	143	0.761577	103	0.768115	123	0.781025	146	0.830662	102	0.83666	127	0.83666	126	0.883176	52	0.921954	133	0.927362	108	0.932738	114	0.948683	86	0.948683	138	0.948683	149	0.964365	100	0.994987	56	1.00995	76	1.034408	101	1.034408	142	1.03923	54	1.03923	83	1.044031	70	1.048809	129	1.067708	72	1.086278	125	1.090871	50	1.122497	51	1.174734	58	1.174734	113	1.195826	121	1.195826	63
0.244949	123	0.374166	111	0.387298	126	0.412311	72	0.479583	83	0.509902	133	0.547723	142	0.547723	101	0.556776	127	0.583095	147	0.583095	119	0.608276	113	0.6245	138	0.655744	149	0.67082	77	0.67082	54	0.707107	128	0.714143	68	0.728011	103	0.734847	63	0.74162	116	0.74162	132	0.74162	110	0.774597	121	0.774597	114	0.781025	145	0.793725	76	0.793725	137	0.812404	134	0.812404	78	0.83666	91	0.83666	70	0.842615	73	0.866025	115	0.87178	87	0.877496	58	0.877496	86	0.888819	112	0.9	108	0.905539	56	0.943398	141	0.943398	52	0.953939	51	0.959166	139	0.974679	75	1.00995	97	1.00995	104	1.00995	74	1.029563	55	1.063015	140
0.223607	110	0.34641	111	0.360555	116	0.360555	145	0.387298	137	0.387298	115	0.412311	77	0.43589	112	0.469042	139	0.469042	128	0.5	132	0.5	103	0.509902	123	0.519615	141	0.538516	127	0.574456	126	0.583095	133	0.583095	146	0.608276	140	0.616441	148	0.6245	124	0.632456	104	0.640312	149	0.67082	138	0.714143	83	0.714143	52	0.72111	136	0.734847	120	0.734847	56	0.74162	86	0.774597	142	0.774597	101	0.774597	70	0.793725	72	0.793725	144	0.806226	76	0.806226	54	0.830662	108	0.83666	114	0.842615	143	0.883176	63	0.888819	51	0.916515	134	0.927362	102	0.932738	58	0.938083	91	0.948683	50	0.964365	113	0.969536	121	1.0	78
0.244949	136	0.3	115	0.556776	110	0.616441	147	0.6245	124	0.6245	144	0.6245	137	0.6245	140	0.648074	100	0.648074	104	0.67082	132	0.67082	145	0.69282	128	0.714143	116	0.74162	103	0.754983	112	0.768115	149	0.787401	114	0.787401	120	0.787401	139	0.806226	143	0.818535	127	0.818535	141	0.83666	111	0.860233	70	0.9	138	0.948683	101	0.948683	142	0.964365	77	0.984886	126	1.0	123	1.0	56	1.029563	121	1.048809	133	1.053565	83	1.067708	146	1.122497	102	1.144552	113	1.157584	85	1.212436	86	1.212436	108	1.212436	52	1.224745	134	1.236932	51	1.249	63	1.252996	109	1.272792	91	1.284523	125	1.30767	72	1.315295	54
0.282843	127	0.316228	138	0.331662	101	0.331662	142	0.360555	70	0.374166	83	0.458258	121	0.469042	126	0.538516	133	0.538516	123	0.583095	113	0.608276	63	0.6245	111	0.640312	147	0.640312	114	0.648074	103	0.648074	137	0.655744	146	0.663325	110	0.67082	91	0.67082	56	0.685565	78	0.72111	116	0.734847	72	0.734847	66	0.754983	85	0.761577	115	0.768115	148	0.774597	73	0.781025	134	0.793725	128	0.812404	77	0.830662	55	0.83666	84	0.83666	132	0.860233	54	0.860233	51	0.866025	119	0.948683	61	0.948683	145	0.948683	86	0.964365	136	0.994987	97	1.0	58	1.004988	104	1.029563	112	1.048809	76	1.053565	96	1.067708	75	1.067708	52
